Iteracao  =  1

percurso rota 0 : < 1 169 168 167 207 208 128 127 87 88 91 92 132 131 171 172 212 211 210 209 170 133 134 174 1 >  - distancia: 3198.01 - carga: 550
percurso rota 1 : < 1 179 180 140 139 99 100 101 102 183 184 224 223 220 219 216 217 218 178 177 137 138 98 97 94 93 53 54 13 10 1 >  - distancia: 3521.96 - carga: 550
percurso rota 2 : < 1 32 31 28 27 24 23 22 20 19 18 17 56 57 58 96 95 135 136 176 175 215 214 213 1 >  - distancia: 1756.86 - carga: 550
percurso rota 3 : < 1 144 143 103 104 105 107 108 148 147 187 188 228 227 184 185 186 226 225 145 146 106 65 62 61 21 25 26 29 30 1 >  - distancia: 3040.84 - carga: 550
percurso rota 4 : < 1 161 160 159 119 120 121 82 87 86 85 125 126 166 165 205 206 200 199 239 240 201 162 202 122 235 234 233 193 194 154 153 113 114 117 118 1 >  - distancia: 4569.21 - carga: 550
percurso rota 5 : < 1 16 15 14 12 11 8 7 4 3 2 40 39 38 36 35 34 33 75 74 115 116 156 157 1 >  - distancia: 1035.94 - carga: 550
percurso rota 6 : < 1 69 68 67 66 64 63 60 59 56 55 52 51 50 48 47 46 44 43 80 79 76 1 >  - distancia: 1251.07 - carga: 550
percurso rota 7 : < 1 203 204 164 163 123 124 84 83 82 87 89 90 130 129 170 133 173 49 9 6 5 41 37 77 78 81 42 45 158 198 197 230 1 >  - distancia: 3193.07 - carga: 500
percurso rota 8 : < 1 73 72 71 70 111 112 152 151 191 192 232 231 188 189 190 150 149 109 110 155 195 196 236 237 238 1 >  - distancia: 3137.9 - carga: 550
total - 24704.9
Nao possui optimal_value


==========================================================


