
Demorou  0 ms para ler o arquivo de entrada.
Rota 0 : < 1 131 17 12 162 106 113 230 1 >  - distancia: 1912 - carga: 192
Rota 1 : < 1 104 241 20 195 32 145 159 277 90 217 211 161 67 267 78 71 206 42 64 249 115 135 56 209 48 1 >  - distancia: 3663.9 - carga: 192
Rota 2 : < 1 158 10 234 254 68 278 105 119 117 226 271 46 31 136 171 1 >  - distancia: 2765.92 - carga: 192
Rota 3 : < 1 13 9 227 175 101 169 170 74 222 1 >  - distancia: 2217.76 - carga: 192
Rota 4 : < 1 33 166 179 232 174 210 221 123 99 269 112 240 167 44 133 198 204 258 225 235 80 236 120 59 51 73 280 146 220 228 246 26 91 1 >  - distancia: 4327.69 - carga: 192
Rota 5 : < 1 60 3 23 58 29 189 147 194 1 >  - distancia: 2702.83 - carga: 192
Rota 6 : < 1 272 14 2 143 141 192 238 63 1 >  - distancia: 3033.96 - carga: 192
Rota 7 : < 1 52 16 98 55 137 148 264 201 129 156 203 200 263 149 250 190 164 265 1 >  - distancia: 2054.96 - carga: 192
Rota 8 : < 1 239 8 4 245 182 196 116 103 144 1 >  - distancia: 3373.67 - carga: 192
Rota 9 : < 1 11 21 134 150 85 188 53 165 122 1 >  - distancia: 2445.97 - carga: 192
Rota 10 : < 1 65 6 5 177 54 81 197 1 >  - distancia: 2264.76 - carga: 192
Rota 11 : < 1 138 163 110 276 248 121 153 36 132 186 205 125 256 82 173 86 111 47 92 212 260 155 1 >  - distancia: 4095.57 - carga: 165
Rota 12 : < 1 75 15 22 109 224 215 242 251 176 266 243 95 199 183 127 1 >  - distancia: 2554.83 - carga: 192
Rota 13 : < 1 39 24 38 37 128 262 142 100 108 193 208 124 213 27 237 69 61 181 154 70 259 157 160 62 97 1 >  - distancia: 4412.98 - carga: 192
Rota 14 : < 1 40 7 19 270 130 151 273 28 184 275 35 126 76 57 45 1 >  - distancia: 2973.68 - carga: 192
Rota 15 : < 1 219 18 233 30 207 244 229 84 152 216 255 214 253 114 79 87 77 202 218 1 >  - distancia: 2856.33 - carga: 192
Rota 16 : < 1 187 25 89 191 83 247 185 252 172 140 88 257 223 107 178 49 180 34 279 41 72 50 96 94 168 118 43 274 139 261 102 268 231 93 66 1 >  - distancia: 6453.31 - carga: 188
total - 54110.1
optimal_value: 33503
% acima: 61.5082%
Demorou  0 ms para ler o arquivo de entrada.
Rota 0 : < 1 70 16 20 55 160 201 156 195 1 >  - distancia: 1035.56 - carga: 192
Rota 1 : < 1 22 90 199 109 243 161 163 276 158 78 71 206 153 36 100 126 38 275 184 142 262 35 187 138 1 >  - distancia: 3338.69 - carga: 191
Rota 2 : < 1 175 18 207 114 87 253 188 233 152 229 203 263 277 211 217 174 241 164 265 1 >  - distancia: 2946.51 - carga: 192
Rota 3 : < 1 204 21 13 85 169 222 73 1 >  - distancia: 2802.74 - carga: 192
Rota 4 : < 1 17 113 186 205 125 108 86 173 92 212 47 82 124 213 208 193 111 260 27 230 268 155 1 >  - distancia: 3634.57 - carga: 190
Rota 5 : < 1 256 2 191 185 83 247 209 254 189 64 29 147 58 167 44 133 1 >  - distancia: 3207.14 - carga: 191
Rota 6 : < 1 242 136 31 165 112 267 183 266 176 269 102 261 132 57 42 110 45 99 67 244 129 84 148 98 137 264 159 145 1 >  - distancia: 4205.12 - carga: 192
Rota 7 : < 1 239 19 7 37 248 121 128 168 1 >  - distancia: 3001.13 - carga: 192
Rota 8 : < 1 252 8 172 14 88 257 68 278 56 135 1 >  - distancia: 2821.72 - carga: 192
Rota 9 : < 1 231 15 198 4 245 79 103 77 26 91 1 >  - distancia: 2406.54 - carga: 188
Rota 10 : < 1 76 10 24 272 270 130 151 234 43 40 118 1 >  - distancia: 2862.01 - carga: 191
Rota 11 : < 1 3 140 223 107 117 105 119 235 225 120 236 51 41 74 279 170 228 66 1 >  - distancia: 3254.92 - carga: 186
Rota 12 : < 1 226 23 25 89 143 141 192 178 49 180 96 94 28 273 48 63 249 122 50 238 1 >  - distancia: 4940.52 - carga: 181
Rota 13 : < 1 255 9 150 6 196 182 116 144 202 246 214 1 >  - distancia: 2250.17 - carga: 192
Rota 14 : < 1 30 5 11 81 177 227 53 1 >  - distancia: 1711.24 - carga: 192
Rota 15 : < 1 146 271 258 46 101 218 220 65 59 60 34 280 80 72 115 240 139 97 251 216 54 215 200 149 250 181 61 104 62 69 52 32 157 190 33 127 274 39 171 93 197 219 154 259 1 >  - distancia: 6725.27 - carga: 187
Rota 16 : < 1 134 12 179 221 106 237 162 210 232 131 123 166 75 95 224 194 1 >  - distancia: 2528.84 - carga: 192
total - 53672.7
optimal_value: 33503
% acima: 60.2027%
Demorou  0 ms para ler o arquivo de entrada.
Rota 0 : < 1 123 113 16 159 145 98 55 157 201 156 263 190 211 164 217 75 268 33 210 155 90 1 >  - distancia: 3102.4 - carga: 192
Rota 1 : < 1 97 267 112 23 14 88 239 48 63 66 1 >  - distancia: 2957.56 - carga: 192
Rota 2 : < 1 92 111 212 47 82 208 125 205 256 163 132 110 36 121 248 153 128 38 142 184 37 234 71 254 94 1 >  - distancia: 4027.9 - carga: 192
Rota 3 : < 1 84 15 199 109 11 244 152 134 203 250 61 149 200 181 1 >  - distancia: 2145.67 - carga: 192
Rota 4 : < 1 91 207 177 81 54 233 85 253 114 87 169 218 175 136 165 271 46 31 242 198 229 266 176 67 133 261 1 >  - distancia: 3795.9 - carga: 192
Rota 5 : < 1 154 20 195 264 32 148 137 129 70 259 52 62 265 124 230 86 173 213 100 126 35 187 57 76 272 28 275 118 40 43 102 1 >  - distancia: 4697.6 - carga: 192
Rota 6 : < 1 273 24 25 191 247 83 185 89 143 141 223 238 192 1 >  - distancia: 3577.31 - carga: 192
Rota 7 : < 1 77 13 6 245 116 144 202 246 228 279 60 222 1 >  - distancia: 3302.16 - carga: 192
Rota 8 : < 1 219 21 216 255 214 188 101 170 74 65 41 236 235 258 220 204 251 53 93 231 1 >  - distancia: 3067.12 - carga: 192
Rota 9 : < 1 252 2 19 270 130 151 168 58 78 139 1 >  - distancia: 3028.64 - carga: 192
Rota 10 : < 1 69 12 162 22 179 174 232 1 >  - distancia: 1710.53 - carga: 191
Rota 11 : < 1 73 3 8 140 172 209 96 189 42 108 260 193 138 1 >  - distancia: 3715.3 - carga: 192
Rota 12 : < 1 107 257 68 278 105 119 225 120 226 56 117 146 59 51 280 34 80 29 249 115 135 147 64 44 274 183 39 122 72 50 178 49 180 127 27 160 1 >  - distancia: 5830.32 - carga: 163
Rota 13 : < 1 215 5 18 30 150 227 197 194 1 >  - distancia: 1969.76 - carga: 192
Rota 14 : < 1 262 17 186 131 221 106 237 166 99 276 167 158 269 45 161 243 95 224 277 241 104 1 >  - distancia: 3091.18 - carga: 191
Rota 15 : < 1 240 7 10 206 1 >  - distancia: 2238.21 - carga: 192
Rota 16 : < 1 171 9 4 196 182 79 103 26 1 >  - distancia: 2338.53 - carga: 192
total - 54596.1
optimal_value: 33503
% acima: 62.9588%
Demorou  0 ms para ler o arquivo de entrada.
Rota 0 : < 1 129 20 16 241 104 159 1 >  - distancia: 883.312 - carga: 192
Rota 1 : < 1 76 7 151 273 28 184 275 57 45 75 127 90 69 217 99 86 173 212 260 193 27 155 265 194 138 187 40 1 >  - distancia: 5740.62 - carga: 177
Rota 2 : < 1 118 24 8 172 185 83 141 192 107 272 168 206 261 268 102 94 48 238 73 1 >  - distancia: 5133.12 - carga: 185
Rota 3 : < 1 197 18 9 85 114 175 169 196 253 246 219 91 1 >  - distancia: 2539.25 - carga: 192
Rota 4 : < 1 150 11 4 116 79 87 77 26 1 >  - distancia: 2446.32 - carga: 192
Rota 5 : < 1 43 10 71 42 121 128 248 163 153 256 210 174 221 124 230 106 232 1 >  - distancia: 3242.86 - carga: 192
Rota 6 : < 1 177 81 54 204 136 165 31 112 97 183 67 166 123 125 82 208 113 162 213 205 108 92 111 47 1 >  - distancia: 3467.45 - carga: 192
Rota 7 : < 1 231 21 152 255 84 244 229 200 203 201 55 160 264 70 148 1 >  - distancia: 2068.71 - carga: 191
Rota 8 : < 1 50 25 143 89 140 223 105 146 225 236 65 59 34 119 257 117 235 46 220 41 74 279 222 66 144 1 >  - distancia: 4506.38 - carga: 192
Rota 9 : < 1 139 64 58 254 234 29 147 96 226 258 170 228 101 53 227 188 207 233 251 218 202 51 280 80 60 120 178 180 49 135 249 115 122 171 93 134 250 154 157 259 1 >  - distancia: 6041.53 - carga: 185
Rota 10 : < 1 252 2 19 270 130 191 247 209 239 63 1 >  - distancia: 3083.2 - carga: 192
Rota 11 : < 1 37 38 142 262 35 36 276 78 240 167 158 176 243 211 95 242 161 267 133 274 39 215 224 263 52 61 149 181 137 98 195 156 32 1 >  - distancia: 4155.65 - carga: 191
Rota 12 : < 1 216 13 6 182 245 103 30 214 1 >  - distancia: 2155.53 - carga: 192
Rota 13 : < 1 44 15 198 266 22 109 277 164 62 190 199 269 132 110 100 126 1 >  - distancia: 3121.25 - carga: 192
Rota 14 : < 1 271 3 14 88 189 1 >  - distancia: 2400.6 - carga: 192
Rota 15 : < 1 186 17 12 131 179 237 33 1 >  - distancia: 1701.05 - carga: 192
Rota 16 : < 1 145 5 23 68 278 56 72 1 >  - distancia: 2427.21 - carga: 192
total - 55114
optimal_value: 33503
% acima: 64.5048%
Demorou  0 ms para ler o arquivo de entrada.
Rota 0 : < 1 176 161 198 242 31 165 101 218 46 258 271 225 146 278 64 167 44 274 267 97 133 112 266 263 277 190 250 52 149 217 194 1 >  - distancia: 3762.76 - carga: 192
Rota 1 : < 1 183 199 215 136 204 251 244 152 84 229 200 203 129 156 70 134 216 145 154 61 181 98 243 95 127 90 265 124 230 158 206 57 40 43 50 238 144 1 >  - distancia: 6604.67 - carga: 187
Rota 2 : < 1 234 10 71 78 276 163 45 153 132 256 208 36 121 38 275 1 >  - distancia: 3304.36 - carga: 192
Rota 3 : < 1 51 3 8 172 252 140 223 107 105 49 180 1 >  - distancia: 3015.02 - carga: 192
Rota 4 : < 1 17 2 143 89 141 192 83 48 63 94 168 260 193 138 187 1 >  - distancia: 3936.23 - carga: 186
Rota 5 : < 1 240 23 14 88 68 117 1 >  - distancia: 2314.09 - carga: 192
Rota 6 : < 1 164 22 20 137 201 264 55 157 159 32 148 195 160 259 1 >  - distancia: 1827.64 - carga: 192
Rota 7 : < 1 224 109 13 253 114 87 85 169 228 202 170 74 65 59 280 236 235 135 80 1 >  - distancia: 3402.11 - carga: 192
Rota 8 : < 1 81 177 9 150 4 279 66 1 >  - distancia: 2290.48 - carga: 192
Rota 9 : < 1 214 21 11 233 207 255 219 54 197 53 171 231 93 91 26 1 >  - distancia: 2739.26 - carga: 192
Rota 10 : < 1 67 12 162 213 113 179 221 131 123 106 186 125 99 1 >  - distancia: 2571.49 - carga: 192
Rota 11 : < 1 39 15 16 241 104 210 174 232 27 1 >  - distancia: 2213.79 - carga: 192
Rota 12 : < 1 122 7 24 272 270 130 1 >  - distancia: 2585.83 - carga: 192
Rota 13 : < 1 72 119 226 257 254 147 29 189 96 248 37 128 184 142 262 100 86 92 111 82 212 47 205 173 108 166 268 33 237 69 155 1 >  - distancia: 4282.25 - carga: 192
Rota 14 : < 1 60 6 196 182 245 116 103 79 77 246 220 222 41 34 120 73 178 56 115 249 139 75 211 62 1 >  - distancia: 4318.94 - carga: 173
Rota 15 : < 1 175 5 18 30 227 188 1 >  - distancia: 1733.38 - carga: 192
Rota 16 : < 1 269 19 25 191 247 185 209 239 58 151 28 273 42 118 76 35 126 110 102 261 1 >  - distancia: 3849.1 - carga: 191
total - 54751.4
optimal_value: 33503
% acima: 63.4224%
Demorou  0 ms para ler o arquivo de entrada.
Rota 0 : < 1 34 225 80 236 119 226 117 278 257 68 88 254 96 147 189 71 42 76 100 110 45 102 57 206 44 133 67 69 217 90 265 124 27 230 262 187 138 115 249 120 73 50 127 268 155 118 1 >  - distancia: 7920.89 - carga: 191
Rota 1 : < 1 207 11 5 177 54 204 31 39 122 43 1 >  - distancia: 2495.06 - carga: 192
Rota 2 : < 1 72 3 8 172 252 140 223 107 105 178 180 1 >  - distancia: 2885.18 - carga: 192
Rota 3 : < 1 113 131 123 256 163 36 128 248 37 184 142 35 153 132 158 78 276 167 269 261 166 99 106 33 75 243 211 95 194 1 >  - distancia: 3722.69 - carga: 192
Rota 4 : < 1 161 7 19 270 247 48 209 239 63 56 1 >  - distancia: 2728.48 - carga: 192
Rota 5 : < 1 85 13 18 233 188 175 53 81 197 93 1 >  - distancia: 1986.53 - carga: 192
Rota 6 : < 1 274 14 2 143 141 192 238 49 1 >  - distancia: 2785.25 - carga: 192
Rota 7 : < 1 111 92 212 12 162 174 210 232 179 237 221 205 208 193 126 1 >  - distancia: 2886.51 - carga: 192
Rota 8 : < 1 87 114 253 246 169 228 74 59 60 280 51 146 235 65 196 182 170 279 79 77 103 202 220 41 218 171 231 219 91 26 144 66 222 1 >  - distancia: 5500.23 - carga: 163
Rota 9 : < 1 214 9 150 21 129 264 156 160 1 >  - distancia: 1639.07 - carga: 192
Rota 10 : < 1 195 20 16 104 164 190 61 201 1 >  - distancia: 890.211 - carga: 191
Rota 11 : < 1 101 6 4 245 116 1 >  - distancia: 2146.05 - carga: 192
Rota 12 : < 1 152 15 198 215 266 199 112 136 165 258 46 271 135 64 240 139 176 251 183 267 40 1 >  - distancia: 3646.66 - carga: 192
Rota 13 : < 1 10 24 272 151 273 38 121 1 >  - distancia: 2460.86 - carga: 192
Rota 14 : < 1 30 227 244 84 200 229 203 263 149 277 98 137 55 145 157 148 32 159 109 52 242 97 224 250 154 134 255 216 70 259 181 62 1 >  - distancia: 4499.59 - carga: 192
Rota 15 : < 1 241 22 17 186 125 82 108 86 173 260 47 213 1 >  - distancia: 2350.82 - carga: 192
Rota 16 : < 1 234 23 29 58 25 191 83 185 89 130 94 28 168 275 1 >  - distancia: 3496.83 - carga: 192
total - 54040.9
optimal_value: 33503
% acima: 61.3017%
Demorou  0 ms para ler o arquivo de entrada.
Rota 0 : < 1 21 216 255 219 229 84 152 134 203 266 112 267 39 198 215 183 95 127 1 >  - distancia: 2347.88 - carga: 191
Rota 1 : < 1 194 15 20 22 243 224 259 1 >  - distancia: 1987.19 - carga: 192
Rota 2 : < 1 222 10 234 121 184 248 128 153 36 276 167 240 64 249 88 147 44 274 122 1 >  - distancia: 3963.04 - carga: 192
Rota 3 : < 1 136 11 9 85 114 87 150 188 175 171 93 1 >  - distancia: 2304.64 - carga: 192
Rota 4 : < 1 192 14 8 140 172 185 83 143 48 63 272 158 261 133 1 >  - distancia: 3754.73 - carga: 192
Rota 5 : < 1 214 4 245 116 144 196 202 103 253 227 177 231 53 218 129 61 1 >  - distancia: 3135.15 - carga: 192
Rota 6 : < 1 230 124 82 108 208 125 113 162 131 106 174 179 221 237 123 99 163 132 269 199 242 204 31 251 176 1 >  - distancia: 3327.93 - carga: 192
Rota 7 : < 1 68 3 24 254 96 189 50 1 >  - distancia: 2818.69 - carga: 192
Rota 8 : < 1 271 5 6 182 79 77 26 91 1 >  - distancia: 2698.3 - carga: 192
Rota 9 : < 1 139 78 25 89 191 247 209 239 117 105 226 146 278 119 72 235 115 135 178 49 107 238 180 73 66 1 >  - distancia: 4726.81 - carga: 174
Rota 10 : < 1 225 120 51 236 258 46 101 169 228 170 74 59 34 280 60 41 65 220 279 246 54 55 32 148 156 137 160 52 149 217 75 33 90 211 62 265 45 102 97 268 27 155 1 >  - distancia: 6075.21 - carga: 191
Rota 11 : < 1 13 18 207 233 30 81 244 200 197 1 >  - distancia: 1890.87 - carga: 192
Rota 12 : < 1 109 16 98 145 159 241 104 277 190 164 210 232 166 256 100 262 187 1 >  - distancia: 2869.43 - carga: 192
Rota 13 : < 1 58 29 19 270 130 151 273 28 142 42 71 206 57 173 47 212 111 92 86 260 126 35 76 275 168 94 43 40 118 138 193 154 1 >  - distancia: 4742.79 - carga: 181
Rota 14 : < 1 80 2 141 252 223 257 56 165 67 161 201 70 264 195 157 250 263 181 1 >  - distancia: 3643.25 - carga: 192
Rota 15 : < 1 23 7 38 37 1 >  - distancia: 2447.58 - carga: 192
Rota 16 : < 1 69 12 17 186 213 205 110 1 >  - distancia: 1949.24 - carga: 192
total - 54682.7
optimal_value: 33503
% acima: 63.2174%
Demorou  0 ms para ler o arquivo de entrada.
Rota 0 : < 1 4 13 85 87 77 26 231 1 >  - distancia: 2417.72 - carga: 192
Rota 1 : < 1 10 3 117 278 56 72 1 >  - distancia: 2443.18 - carga: 192
Rota 2 : < 1 210 174 232 179 131 113 123 166 75 269 261 132 163 36 100 126 208 108 193 125 82 212 92 47 173 86 1 >  - distancia: 3085.05 - carga: 192
Rota 3 : < 1 134 5 9 150 188 114 93 197 1 >  - distancia: 1751.73 - carga: 192
Rota 4 : < 1 39 18 233 30 207 177 227 253 246 116 103 182 202 216 219 61 69 237 99 268 127 274 45 194 155 230 1 >  - distancia: 5148.21 - carga: 188
Rota 5 : < 1 28 8 252 185 172 140 105 146 119 80 120 236 59 34 51 60 280 178 223 107 239 48 94 273 76 206 57 189 139 122 50 49 180 238 192 73 1 >  - distancia: 6468.8 - carga: 192
Rota 6 : < 1 186 17 12 162 213 205 1 >  - distancia: 1876.74 - carga: 192
Rota 7 : < 1 247 25 2 89 143 141 83 234 71 118 40 1 >  - distancia: 3066.12 - carga: 192
Rota 8 : < 1 6 245 79 196 169 228 170 74 258 271 226 225 235 135 46 220 222 66 144 1 >  - distancia: 3841.38 - carga: 192
Rota 9 : < 1 160 21 152 229 84 200 215 251 53 171 78 158 256 153 37 262 110 102 1 >  - distancia: 3419.61 - carga: 192
Rota 10 : < 1 161 24 19 130 151 38 142 121 128 184 275 1 >  - distancia: 2778.12 - carga: 192
Rota 11 : < 1 265 15 20 137 32 55 157 145 98 201 70 129 259 1 >  - distancia: 1947.49 - carga: 192
Rota 12 : < 1 168 7 23 58 147 249 1 >  - distancia: 2454.46 - carga: 192
Rota 13 : < 1 95 22 11 244 81 54 175 101 218 65 41 279 214 91 1 >  - distancia: 2821.85 - carga: 177
Rota 14 : < 1 154 16 241 104 164 243 263 181 250 52 190 62 90 277 264 159 195 148 156 203 255 1 >  - distancia: 2762.29 - carga: 192
Rota 15 : < 1 29 14 209 63 191 270 272 254 96 68 257 88 64 115 276 42 248 167 1 >  - distancia: 3510.34 - carga: 192
Rota 16 : < 1 217 211 224 109 149 266 176 183 199 198 67 267 242 204 136 112 31 165 240 44 97 133 106 33 124 221 27 111 260 35 187 138 43 1 >  - distancia: 5012.35 - carga: 180
total - 54805.4
optimal_value: 33503
% acima: 63.5837%
Demorou  0 ms para ler o arquivo de entrada.
Rota 0 : < 1 20 137 264 32 21 152 219 1 >  - distancia: 1272.84 - carga: 192
Rota 1 : < 1 120 23 14 185 140 107 178 180 56 72 1 >  - distancia: 3081.82 - carga: 192
Rota 2 : < 1 83 25 2 143 89 141 151 189 96 249 147 115 139 122 1 >  - distancia: 3478.92 - carga: 192
Rota 3 : < 1 94 24 19 270 191 247 209 254 234 43 206 64 1 >  - distancia: 2886.61 - carga: 192
Rota 4 : < 1 172 8 252 117 58 29 68 226 119 146 80 271 135 235 65 46 103 85 255 277 1 >  - distancia: 4304.34 - carga: 192
Rota 5 : < 1 251 15 22 90 109 266 176 198 215 136 31 165 258 50 1 >  - distancia: 2833.49 - carga: 192
Rota 6 : < 1 216 6 182 116 79 114 196 169 188 53 101 175 218 170 228 227 214 91 1 >  - distancia: 3165.96 - carga: 192
Rota 7 : < 1 197 177 5 9 150 253 246 202 1 >  - distancia: 1772.21 - carga: 192
Rota 8 : < 1 142 7 168 37 248 276 71 42 57 256 125 82 213 221 155 1 >  - distancia: 3023.7 - carga: 192
Rota 9 : < 1 245 3 223 239 278 257 88 105 225 59 60 280 74 41 236 34 51 220 222 1 >  - distancia: 3841.67 - carga: 192
Rota 10 : < 1 232 12 162 17 186 113 268 1 >  - distancia: 1632.26 - carga: 192
Rota 11 : < 1 16 241 104 98 148 195 159 55 160 201 157 145 129 84 70 156 1 >  - distancia: 1955.21 - carga: 192
Rota 12 : < 1 187 100 36 38 121 184 128 76 262 35 108 92 173 124 230 224 95 149 52 190 62 164 217 61 250 243 33 69 211 207 171 39 261 97 102 127 194 134 259 77 26 279 66 144 93 73 49 238 192 1 >  - distancia: 9586.36 - carga: 188
Rota 13 : < 1 13 18 233 30 81 231 54 204 242 1 >  - distancia: 1750.4 - carga: 192
Rota 14 : < 1 87 4 11 244 229 200 203 154 1 >  - distancia: 2050.49 - carga: 192
Rota 15 : < 1 27 123 179 174 210 131 237 106 166 99 132 269 158 153 208 47 205 212 111 86 260 126 138 272 273 130 48 63 28 275 118 40 265 1 >  - distancia: 5173.75 - carga: 165
Rota 16 : < 1 181 263 10 167 78 240 112 133 67 199 161 183 267 274 44 163 110 75 45 193 1 >  - distancia: 3222.71 - carga: 192
total - 55032.8
optimal_value: 33503
% acima: 64.2622%
Demorou  0 ms para ler o arquivo de entrada.
Rota 0 : < 1 10 23 29 254 96 88 257 249 1 >  - distancia: 2397.77 - carga: 192
Rota 1 : < 1 132 7 14 1 >  - distancia: 2416.82 - carga: 192
Rota 2 : < 1 39 21 152 134 244 84 229 203 98 55 145 159 129 70 259 181 219 202 1 >  - distancia: 4038.99 - carga: 192
Rota 3 : < 1 111 92 212 47 173 86 108 125 205 256 110 36 153 38 42 121 37 234 71 206 269 261 166 75 224 277 265 1 >  - distancia: 3763.46 - carga: 192
Rota 4 : < 1 217 22 12 162 131 221 174 155 154 1 >  - distancia: 1602.04 - carga: 192
Rota 5 : < 1 83 24 19 270 130 272 209 48 141 192 238 94 168 28 273 275 40 43 260 138 1 >  - distancia: 4483.48 - carga: 177
Rota 6 : < 1 250 16 104 241 20 32 157 1 >  - distancia: 1030.21 - carga: 191
Rota 7 : < 1 151 2 25 191 247 185 89 143 1 >  - distancia: 3221.78 - carga: 192
Rota 8 : < 1 204 3 172 8 140 252 223 105 49 1 >  - distancia: 2826.14 - carga: 192
Rota 9 : < 1 139 78 240 167 58 117 271 258 225 119 146 68 64 147 226 278 107 239 63 189 135 115 59 34 280 60 51 178 180 72 56 50 73 93 91 26 144 1 >  - distancia: 6117.2 - carga: 178
Rota 10 : < 1 218 5 4 77 1 >  - distancia: 2303.34 - carga: 192
Rota 11 : < 1 193 208 17 186 106 113 179 210 232 69 237 123 99 163 100 248 184 128 262 76 142 35 187 126 57 118 1 >  - distancia: 3847.69 - carga: 192
Rota 12 : < 1 171 9 150 18 207 227 30 188 175 53 1 >  - distancia: 2057.25 - carga: 192
Rota 13 : < 1 102 276 158 161 215 266 109 199 198 176 183 267 136 31 251 67 97 274 133 44 95 243 149 211 90 164 62 82 213 230 27 124 33 45 268 127 194 122 1 >  - distancia: 5398.29 - carga: 192
Rota 14 : < 1 79 103 13 85 114 87 253 246 228 170 65 220 46 235 80 120 236 41 74 279 222 66 1 >  - distancia: 3449.4 - carga: 192
Rota 15 : < 1 156 15 11 81 177 197 54 231 233 255 216 214 201 148 160 1 >  - distancia: 2044.04 - carga: 191
Rota 16 : < 1 195 264 137 6 116 245 182 196 169 101 165 112 242 200 263 61 52 190 1 >  - distancia: 2954.35 - carga: 192
total - 53952.2
optimal_value: 33503
% acima: 61.0371%
Demorou  0 ms para ler o arquivo de entrada.
Rota 0 : < 1 24 23 68 117 257 119 72 1 >  - distancia: 2673.06 - carga: 192
Rota 1 : < 1 36 7 19 270 130 191 247 192 1 >  - distancia: 3032.34 - carga: 192
Rota 2 : < 1 32 20 137 201 129 264 148 195 156 160 267 274 39 133 139 97 99 33 221 57 96 94 272 115 122 171 197 181 194 265 155 1 >  - distancia: 5023.29 - carga: 183
Rota 3 : < 1 200 16 241 277 190 62 145 159 98 104 164 217 224 216 219 214 91 1 >  - distancia: 2666.39 - carga: 171
Rota 4 : < 1 44 112 22 243 95 269 261 132 45 153 276 121 184 248 37 38 128 100 126 173 111 138 118 40 275 1 >  - distancia: 4444.2 - carga: 192
Rota 5 : < 1 70 21 5 53 93 1 >  - distancia: 1405.36 - carga: 192
Rota 6 : < 1 258 4 6 245 79 1 >  - distancia: 2440.63 - carga: 192
Rota 7 : < 1 109 12 17 125 208 86 260 1 >  - distancia: 2117.54 - carga: 192
Rota 8 : < 1 140 8 172 252 223 107 105 226 56 235 74 279 170 220 236 146 49 178 180 280 120 135 50 239 151 28 273 168 76 262 35 187 1 >  - distancia: 5023.61 - carga: 192
Rota 9 : < 1 163 110 256 186 162 113 106 123 131 179 232 174 210 166 75 268 127 158 102 58 189 254 42 205 47 92 212 230 1 >  - distancia: 4083.45 - carga: 191
Rota 10 : < 1 157 55 13 85 87 114 253 188 175 218 169 228 202 196 103 77 116 144 238 1 >  - distancia: 3732.51 - carga: 192
Rota 11 : < 1 52 15 198 176 199 183 67 161 266 215 242 251 31 136 204 165 46 101 182 66 246 26 1 >  - distancia: 3045.98 - carga: 192
Rota 12 : < 1 18 9 150 227 177 54 81 231 152 134 259 1 >  - distancia: 1426.07 - carga: 192
Rota 13 : < 1 142 10 234 71 206 78 167 240 64 271 225 80 59 60 34 65 41 51 73 222 1 >  - distancia: 3581.87 - carga: 192
Rota 14 : < 1 11 233 207 30 255 244 229 84 203 263 61 250 154 149 211 90 69 237 213 124 82 108 193 27 1 >  - distancia: 2956.07 - carga: 192
Rota 15 : < 1 185 2 25 89 143 141 83 48 209 63 29 43 1 >  - distancia: 3066.37 - carga: 192
Rota 16 : < 1 3 14 88 278 147 249 1 >  - distancia: 2470.43 - carga: 192
total - 53189.2
optimal_value: 33503
% acima: 58.7594%
Demorou  0 ms para ler o arquivo de entrada.
Rota 0 : < 1 206 23 2 191 247 48 63 1 >  - distancia: 2789.56 - carga: 192
Rota 1 : < 1 32 20 55 137 159 145 201 264 70 129 156 148 195 157 160 250 181 154 90 127 268 97 45 171 122 73 66 144 91 259 1 >  - distancia: 4583.31 - carga: 189
Rota 2 : < 1 52 16 241 98 104 210 174 232 162 124 230 213 179 69 75 95 217 265 1 >  - distancia: 2280.85 - carga: 192
Rota 3 : < 1 182 4 5 93 197 1 >  - distancia: 2058.94 - carga: 192
Rota 4 : < 1 99 17 205 82 208 256 125 113 186 108 173 92 212 111 47 86 260 126 138 57 102 1 >  - distancia: 3355.66 - carga: 191
Rota 5 : < 1 196 6 245 116 103 79 77 85 207 216 200 251 267 183 133 44 139 274 39 53 54 101 222 1 >  - distancia: 4212.28 - carga: 192
Rota 6 : < 1 211 15 198 18 11 219 1 >  - distancia: 1549.19 - carga: 192
Rota 7 : < 1 184 24 25 89 143 141 192 238 273 275 118 40 187 193 1 >  - distancia: 3652.21 - carga: 165
Rota 8 : < 1 235 10 7 168 28 1 >  - distancia: 2743.15 - carga: 192
Rota 9 : < 1 149 22 12 131 106 221 123 237 27 155 1 >  - distancia: 1778 - carga: 192
Rota 10 : < 1 120 236 51 34 59 41 74 220 65 169 170 228 202 30 81 231 215 242 240 64 115 88 96 121 37 234 257 107 178 180 60 280 80 72 50 279 246 26 1 >  - distancia: 6012.38 - carga: 192
Rota 11 : < 1 134 9 150 13 114 87 253 227 1 >  - distancia: 1694.17 - carga: 192
Rota 12 : < 1 132 19 14 140 252 223 239 209 254 189 43 1 >  - distancia: 3069.53 - carga: 192
Rota 13 : < 1 153 36 38 128 76 248 42 167 112 67 199 194 243 176 161 269 78 71 276 166 33 163 110 100 142 262 35 1 >  - distancia: 4340.15 - carga: 192
Rota 14 : < 1 3 8 172 185 83 270 130 151 272 58 249 94 1 >  - distancia: 3405.02 - carga: 192
Rota 15 : < 1 49 105 226 119 225 146 117 56 278 68 29 147 271 135 258 46 218 31 165 175 204 136 188 177 233 214 1 >  - distancia: 3937.01 - carga: 192
Rota 16 : < 1 261 158 21 152 84 229 203 263 224 109 277 164 62 190 61 266 244 255 1 >  - distancia: 2918.27 - carga: 192
total - 54379.7
optimal_value: 33503
% acima: 62.3128%
Demorou  0 ms para ler o arquivo de entrada.
Rota 0 : < 1 158 7 151 273 28 121 128 184 100 36 42 118 40 206 57 76 126 260 193 27 268 39 139 122 135 72 50 77 1 >  - distancia: 4984.03 - carga: 192
Rota 1 : < 1 87 5 15 215 161 183 112 44 274 1 >  - distancia: 2254.68 - carga: 192
Rota 2 : < 1 115 10 234 254 96 189 64 249 78 240 167 31 165 258 101 253 114 26 91 1 >  - distancia: 3263.49 - carga: 192
Rota 3 : < 1 263 13 4 182 196 66 144 1 >  - distancia: 2395.77 - carga: 192
Rota 4 : < 1 67 97 267 199 266 242 136 176 224 84 255 216 70 55 201 159 195 264 32 157 98 164 137 160 148 154 190 250 149 61 90 217 1 >  - distancia: 4556.36 - carga: 192
Rota 5 : < 1 245 6 116 103 169 170 228 175 150 233 207 85 188 227 53 171 231 197 93 1 >  - distancia: 3411.88 - carga: 192
Rota 6 : < 1 107 23 29 58 147 226 119 105 225 80 235 236 51 220 65 41 74 46 34 73 222 1 >  - distancia: 3858.88 - carga: 192
Rota 7 : < 1 198 11 18 177 81 54 204 244 229 200 203 1 >  - distancia: 1773.38 - carga: 192
Rota 8 : < 1 205 17 186 125 208 108 82 213 124 230 221 232 106 33 173 47 92 111 86 212 127 1 >  - distancia: 3732.09 - carga: 192
Rota 9 : < 1 25 3 117 257 68 278 88 209 48 168 275 187 138 43 1 >  - distancia: 3754.49 - carga: 192
Rota 10 : < 1 140 2 143 89 191 185 247 83 223 239 146 271 56 59 120 60 280 259 1 >  - distancia: 3982.88 - carga: 191
Rota 11 : < 1 178 14 19 270 130 272 94 218 202 279 246 79 214 219 181 62 265 155 1 >  - distancia: 4607.79 - carga: 192
Rota 12 : < 1 63 24 8 252 172 141 192 238 180 49 1 >  - distancia: 3285.6 - carga: 162
Rota 13 : < 1 145 20 16 241 104 277 52 1 >  - distancia: 1033.97 - carga: 192
Rota 14 : < 1 75 22 109 211 243 95 166 99 276 71 248 38 37 142 35 262 153 256 110 269 45 102 261 251 194 1 >  - distancia: 3524.02 - carga: 192
Rota 15 : < 1 30 9 21 152 134 129 156 1 >  - distancia: 1456.91 - carga: 192
Rota 16 : < 1 113 12 162 174 210 179 131 237 69 123 163 132 133 1 >  - distancia: 2397.13 - carga: 192
total - 54273.3
optimal_value: 33503
% acima: 61.9955%
Demorou  0 ms para ler o arquivo de entrada.
Rota 0 : < 1 32 16 104 241 98 201 129 229 200 199 266 161 95 217 265 1 >  - distancia: 1962.88 - carga: 192
Rota 1 : < 1 64 23 29 254 234 121 42 36 38 128 248 37 184 76 71 240 58 139 1 >  - distancia: 3376.86 - carga: 192
Rota 2 : < 1 256 3 117 257 278 88 119 105 225 235 271 68 189 147 249 135 1 >  - distancia: 3559.6 - carga: 192
Rota 3 : < 1 258 9 227 150 30 207 255 216 214 85 170 228 279 59 280 34 73 120 41 60 180 49 50 238 192 1 >  - distancia: 4896.58 - carga: 175
Rota 4 : < 1 92 111 212 82 124 186 162 106 221 237 69 179 131 210 155 174 232 213 208 47 173 108 86 126 262 35 187 57 206 102 267 274 75 1 >  - distancia: 4464.29 - carga: 192
Rota 5 : < 1 101 218 46 165 175 188 53 169 114 196 202 253 246 87 103 79 182 74 220 65 226 72 236 51 80 146 178 107 96 56 115 122 1 >  - distancia: 4749.91 - carga: 192
Rota 6 : < 1 90 22 243 109 215 183 97 167 78 276 269 261 158 132 153 142 100 125 163 110 45 138 1 >  - distancia: 3324.46 - carga: 192
Rota 7 : < 1 141 2 25 89 143 191 83 48 272 40 118 275 268 127 1 >  - distancia: 3272.67 - carga: 190
Rota 8 : < 1 84 11 18 233 177 54 81 231 251 31 176 197 1 >  - distancia: 2134.18 - carga: 192
Rota 9 : < 1 7 14 247 1 >  - distancia: 2554.65 - carga: 192
Rota 10 : < 1 70 20 195 264 137 55 157 159 148 145 52 224 149 61 164 62 277 263 181 190 211 67 205 193 260 33 1 >  - distancia: 3507.07 - carga: 192
Rota 11 : < 1 112 5 15 198 242 204 136 39 1 >  - distancia: 2264.49 - carga: 192
Rota 12 : < 1 130 24 270 8 252 140 185 172 223 239 209 63 1 >  - distancia: 3441.32 - carga: 192
Rota 13 : < 1 194 6 4 245 116 144 77 26 1 >  - distancia: 2338.07 - carga: 192
Rota 14 : < 1 10 19 151 273 28 168 94 43 44 133 203 154 160 250 156 259 91 93 222 66 1 >  - distancia: 4703.44 - carga: 180
Rota 15 : < 1 27 12 17 113 123 166 99 230 1 >  - distancia: 2059.8 - carga: 192
Rota 16 : < 1 13 21 134 152 244 219 171 1 >  - distancia: 2138.23 - carga: 192
total - 54748.5
optimal_value: 33503
% acima: 63.4138%
Demorou  0 ms para ler o arquivo de entrada.
Rota 0 : < 1 249 23 10 29 58 64 117 1 >  - distancia: 2435.48 - carga: 192
Rota 1 : < 1 197 18 227 21 152 200 203 263 181 1 >  - distancia: 1709.73 - carga: 192
Rota 2 : < 1 83 24 272 270 130 247 48 254 88 278 105 146 172 141 192 239 147 56 107 178 180 51 41 59 60 1 >  - distancia: 4685.76 - carga: 192
Rota 3 : < 1 206 7 248 42 128 142 36 38 184 121 76 37 234 68 96 1 >  - distancia: 3223.6 - carga: 192
Rota 4 : < 1 173 108 193 208 205 186 162 179 232 174 210 166 75 127 268 277 211 61 62 190 150 253 116 87 77 114 103 101 53 93 122 1 >  - distancia: 5181.55 - carga: 192
Rota 5 : < 1 220 5 11 244 229 84 266 194 1 >  - distancia: 2270.94 - carga: 192
Rota 6 : < 1 191 8 252 140 25 19 275 1 >  - distancia: 3181.29 - carga: 192
Rota 7 : < 1 182 6 245 79 196 202 169 218 188 175 204 165 136 31 39 67 99 1 >  - distancia: 3191.19 - carga: 192
Rota 8 : < 1 139 78 167 276 158 132 45 269 112 183 161 215 95 224 149 52 250 201 264 137 195 70 148 129 156 134 255 216 214 91 26 66 1 >  - distancia: 4765.5 - carga: 192
Rota 9 : < 1 81 9 13 30 233 207 177 231 219 1 >  - distancia: 1614.38 - carga: 192
Rota 10 : < 1 259 16 98 241 104 164 109 243 198 242 251 176 267 240 44 274 97 133 261 102 1 >  - distancia: 2607.16 - carga: 192
Rota 11 : < 1 185 3 223 257 226 235 225 119 271 46 258 74 65 80 236 1 >  - distancia: 3618.93 - carga: 192
Rota 12 : < 1 238 14 2 89 143 1 >  - distancia: 3002.38 - carga: 192
Rota 13 : < 1 110 163 153 256 113 106 131 221 124 230 92 111 212 47 86 100 35 262 71 189 115 135 209 63 151 168 28 273 94 57 126 138 187 260 27 155 265 154 160 1 >  - distancia: 5302.54 - carga: 169
Rota 14 : < 1 144 4 20 32 55 157 159 145 1 >  - distancia: 2402.05 - carga: 192
Rota 15 : < 1 199 15 22 90 69 237 33 217 85 246 54 171 228 279 170 222 34 280 120 72 50 49 73 43 40 118 1 >  - distancia: 4985.65 - carga: 184
Rota 16 : < 1 123 12 17 125 82 213 1 >  - distancia: 1868.12 - carga: 192
total - 56046.2
optimal_value: 33503
% acima: 67.2872%
Demorou  0 ms para ler o arquivo de entrada.
Rota 0 : < 1 233 18 21 152 134 229 203 1 >  - distancia: 1570.63 - carga: 192
Rota 1 : < 1 159 16 20 148 32 195 145 1 >  - distancia: 947.334 - carga: 192
Rota 2 : < 1 57 7 248 234 254 96 58 189 117 105 146 225 80 226 50 1 >  - distancia: 3097 - carga: 192
Rota 3 : < 1 4 245 116 103 79 85 30 214 219 231 44 133 139 122 115 171 93 75 127 217 52 190 157 62 265 1 >  - distancia: 4407.45 - carga: 192
Rota 4 : < 1 162 12 210 174 232 241 104 277 109 224 211 161 67 274 194 1 >  - distancia: 2249.86 - carga: 192
Rota 5 : < 1 42 3 8 140 185 252 172 223 238 192 1 >  - distancia: 3451.83 - carga: 192
Rota 6 : < 1 90 15 10 167 78 240 112 31 183 1 >  - distancia: 2308.99 - carga: 192
Rota 7 : < 1 268 166 123 221 106 179 237 131 153 132 276 158 261 176 266 200 150 207 255 81 54 114 202 246 77 26 91 144 66 222 1 >  - distancia: 4837.71 - carga: 170
Rota 8 : < 1 243 22 2 191 89 143 141 83 48 239 63 187 1 >  - distancia: 3421.59 - carga: 192
Rota 9 : < 1 160 55 137 264 129 70 201 156 98 250 61 263 181 149 164 69 95 163 110 269 45 38 121 36 71 206 199 267 39 198 215 97 1 >  - distancia: 4186.93 - carga: 192
Rota 10 : < 1 204 251 136 165 258 271 68 29 64 249 278 88 119 72 235 65 46 236 73 34 120 135 56 147 151 28 128 184 262 37 100 35 142 124 27 99 138 1 >  - distancia: 5730.24 - carga: 192
Rota 11 : < 1 257 23 14 209 247 270 272 130 168 1 >  - distancia: 2900.65 - carga: 192
Rota 12 : < 1 216 9 6 182 196 87 169 218 228 279 1 >  - distancia: 2641.19 - carga: 192
Rota 13 : < 1 84 5 13 227 253 1 >  - distancia: 1745.51 - carga: 192
Rota 14 : < 1 186 113 17 213 205 82 125 256 108 193 208 47 212 92 111 173 260 86 126 76 1 >  - distancia: 3073.34 - carga: 192
Rota 15 : < 1 242 11 244 177 197 188 175 53 101 170 220 74 59 280 60 51 41 178 180 49 94 273 275 118 40 43 102 33 155 154 259 230 1 >  - distancia: 5793.33 - carga: 183
Rota 16 : < 1 107 24 19 25 1 >  - distancia: 2849.67 - carga: 192
total - 55213.2
optimal_value: 33503
% acima: 64.8009%
Demorou  4 ms para ler o arquivo de entrada.
Rota 0 : < 1 26 21 11 81 177 54 227 101 218 1 >  - distancia: 2411.07 - carga: 192
Rota 1 : < 1 107 25 89 191 247 83 185 239 254 234 43 206 57 173 260 86 47 213 111 92 212 221 90 61 190 122 1 >  - distancia: 5268.48 - carga: 192
Rota 2 : < 1 132 7 19 270 130 151 273 28 262 35 187 126 138 102 1 >  - distancia: 2800.39 - carga: 192
Rota 3 : < 1 5 9 150 136 242 266 1 >  - distancia: 1680.05 - carga: 192
Rota 4 : < 1 76 24 3 223 146 49 238 73 222 66 91 1 >  - distancia: 3518.44 - carga: 189
Rota 5 : < 1 182 6 4 116 196 1 >  - distancia: 2107.64 - carga: 192
Rota 6 : < 1 158 261 269 167 276 153 121 184 248 42 128 36 256 110 205 82 108 208 100 142 38 275 71 125 124 230 27 155 1 >  - distancia: 3951.43 - carga: 192
Rota 7 : < 1 8 2 143 172 252 140 105 178 180 1 >  - distancia: 3048.68 - carga: 192
Rota 8 : < 1 265 16 20 195 264 55 137 145 1 >  - distancia: 1216.73 - carga: 192
Rota 9 : < 1 93 53 188 175 169 170 279 220 41 225 80 258 235 74 59 236 65 51 280 60 34 120 72 50 96 209 48 63 141 192 272 168 94 249 45 231 160 62 193 118 1 >  - distancia: 7086.89 - carga: 164
Rota 10 : < 1 17 186 123 131 179 237 210 232 113 106 166 75 183 267 274 97 39 44 139 133 99 33 268 277 164 52 154 1 >  - distancia: 3207.71 - carga: 192
Rota 11 : < 1 197 18 233 207 30 255 244 152 84 229 200 201 32 148 129 70 156 157 1 >  - distancia: 2259.41 - carga: 192
Rota 12 : < 1 37 10 14 88 68 189 40 1 >  - distancia: 2772.04 - carga: 192
Rota 13 : < 1 243 15 176 215 13 85 87 253 114 246 171 1 >  - distancia: 2308.82 - carga: 192
Rota 14 : < 1 109 224 161 67 198 251 204 31 112 78 240 58 147 29 64 115 165 46 245 202 103 77 79 144 228 216 214 219 134 159 250 259 1 >  - distancia: 4697.64 - carga: 192
Rota 15 : < 1 163 12 162 174 241 104 98 263 203 181 149 199 194 95 211 217 127 1 >  - distancia: 2795.65 - carga: 192
Rota 16 : < 1 69 22 23 117 119 271 226 278 257 56 135 1 >  - distancia: 2668.05 - carga: 192
total - 53799.1
optimal_value: 33503
% acima: 60.5801%
Demorou  0 ms para ler o arquivo de entrada.
Rota 0 : < 1 227 5 18 81 54 30 255 1 >  - distancia: 1537.23 - carga: 192
Rota 1 : < 1 190 277 109 224 243 199 176 112 167 269 102 99 183 267 274 44 204 231 101 220 116 87 114 103 77 79 170 65 235 72 135 1 >  - distancia: 4719.97 - carga: 192
Rota 2 : < 1 91 9 21 134 244 229 203 200 154 1 >  - distancia: 1827.6 - carga: 192
Rota 3 : < 1 175 11 13 85 253 150 188 169 246 1 >  - distancia: 2266.68 - carga: 192
Rota 4 : < 1 10 14 209 247 48 239 257 50 63 1 >  - distancia: 2931.66 - carga: 192
Rota 5 : < 1 265 15 198 22 90 166 75 158 261 161 67 215 242 136 31 171 1 >  - distancia: 2643.57 - carga: 192
Rota 6 : < 1 142 38 184 248 254 68 88 226 56 278 105 146 117 64 271 80 120 225 236 51 59 74 41 258 165 46 218 53 1 >  - distancia: 3993.42 - carga: 192
Rota 7 : < 1 131 113 7 37 36 153 256 205 82 213 124 230 27 1 >  - distancia: 2668.05 - carga: 187
Rota 8 : < 1 20 195 137 32 201 129 55 160 157 159 148 70 259 156 250 149 61 263 181 95 217 164 211 207 251 197 1 >  - distancia: 3314.84 - carga: 192
Rota 9 : < 1 119 2 191 25 89 143 141 192 107 280 73 1 >  - distancia: 3316.47 - carga: 192
Rota 10 : < 1 12 162 179 106 237 210 232 174 155 245 144 279 34 178 49 180 60 93 26 1 >  - distancia: 4493.87 - carga: 181
Rota 11 : < 1 240 23 58 29 234 43 71 78 276 163 132 110 45 123 33 69 268 97 133 139 249 39 127 62 194 1 >  - distancia: 4027.24 - carga: 192
Rota 12 : < 1 216 4 6 196 202 182 1 >  - distancia: 2186.57 - carga: 192
Rota 13 : < 1 96 3 8 252 223 185 83 140 172 238 1 >  - distancia: 3160.27 - carga: 192
Rota 14 : < 1 264 16 145 241 104 98 52 84 266 177 152 219 233 214 228 222 66 1 >  - distancia: 3304.3 - carga: 192
Rota 15 : < 1 221 17 186 125 208 108 86 173 111 92 212 47 121 100 76 262 35 42 206 57 189 147 115 122 1 >  - distancia: 3608.75 - carga: 192
Rota 16 : < 1 128 24 272 19 270 130 151 273 28 168 94 40 118 126 138 187 260 193 275 1 >  - distancia: 3817.74 - carga: 177
total - 53818.2
optimal_value: 33503
% acima: 60.6371%
Demorou  0 ms para ler o arquivo de entrada.
Rota 0 : < 1 61 20 137 55 157 264 148 32 195 159 98 104 277 164 109 149 243 198 136 39 274 122 1 >  - distancia: 2982.68 - carga: 192
Rota 1 : < 1 21 216 255 233 207 30 177 54 204 53 101 228 202 81 251 224 200 1 >  - distancia: 2428.63 - carga: 192
Rota 2 : < 1 92 12 186 205 108 208 125 256 163 276 153 1 >  - distancia: 2837.88 - carga: 192
Rota 3 : < 1 210 174 179 232 113 131 237 221 106 162 123 166 99 45 36 128 42 57 121 76 184 262 142 100 38 37 173 212 1 >  - distancia: 3818.95 - carga: 191
Rota 4 : < 1 206 7 14 209 63 1 >  - distancia: 2490.93 - carga: 192
Rota 5 : < 1 165 23 24 272 151 254 147 29 249 1 >  - distancia: 2625.89 - carga: 192
Rota 6 : < 1 180 105 146 119 226 117 68 257 88 278 56 271 235 80 258 31 242 267 97 133 75 33 95 211 217 52 250 201 156 263 203 129 259 1 >  - distancia: 4117.44 - carga: 192
Rota 7 : < 1 273 25 10 58 71 78 112 44 167 240 1 >  - distancia: 3170.94 - carga: 192
Rota 8 : < 1 160 16 241 17 213 124 82 47 193 1 >  - distancia: 2087.97 - carga: 192
Rota 9 : < 1 185 3 140 172 252 223 107 239 178 234 94 96 189 86 111 260 35 187 138 69 190 181 154 90 127 1 >  - distancia: 5310.16 - carga: 192
Rota 10 : < 1 62 22 15 215 199 266 176 161 67 183 269 158 132 110 1 >  - distancia: 2195.24 - carga: 192
Rota 11 : < 1 93 5 11 244 84 152 229 134 1 >  - distancia: 1503.91 - carga: 192
Rota 12 : < 1 120 225 13 85 87 253 114 246 169 170 196 182 103 79 116 144 77 26 145 1 >  - distancia: 3511.02 - carga: 192
Rota 13 : < 1 150 4 245 6 66 279 222 91 1 >  - distancia: 2374.71 - carga: 192
Rota 14 : < 1 18 9 227 188 175 218 46 220 74 65 1 >  - distancia: 2179.26 - carga: 192
Rota 15 : < 1 8 2 89 143 191 247 48 83 141 238 49 1 >  - distancia: 3276.31 - carga: 190
Rota 16 : < 1 192 19 270 130 248 40 64 115 59 34 236 280 41 60 51 73 135 72 50 70 231 197 214 219 171 139 261 102 268 27 230 126 168 28 275 118 43 194 265 155 1 >  - distancia: 8388.21 - carga: 164
total - 55300.1
optimal_value: 33503
% acima: 65.0602%
Demorou  0 ms para ler o arquivo de entrada.
Rota 0 : < 1 66 4 6 116 245 120 50 49 180 1 >  - distancia: 3257.59 - carga: 192
Rota 1 : < 1 191 14 23 68 278 257 1 >  - distancia: 2688.87 - carga: 192
Rota 2 : < 1 262 2 252 140 223 226 119 235 258 46 101 31 165 204 231 1 >  - distancia: 3217.02 - carga: 192
Rota 3 : < 1 115 64 29 147 88 117 56 225 80 59 280 60 34 41 220 175 53 136 177 152 244 207 169 182 79 144 77 246 171 197 93 219 154 160 259 1 >  - distancia: 5015.9 - carga: 187
Rota 4 : < 1 133 112 267 97 10 58 78 167 271 135 72 74 51 73 236 65 170 279 228 218 214 91 1 >  - distancia: 3462.76 - carga: 191
Rota 5 : < 1 264 129 201 32 148 195 70 156 200 52 190 95 69 33 75 173 92 47 212 37 275 44 39 211 62 90 232 217 127 268 274 122 96 94 130 43 40 118 238 1 >  - distancia: 7266.09 - carga: 170
Rota 6 : < 1 67 12 17 125 205 208 193 138 1 >  - distancia: 2386.83 - carga: 192
Rota 7 : < 1 114 18 9 150 227 188 253 87 103 26 1 >  - distancia: 2157.05 - carga: 192
Rota 8 : < 1 84 229 15 242 251 176 161 183 199 215 198 266 224 277 164 210 186 111 86 260 1 >  - distancia: 3175.94 - carga: 190
Rota 9 : < 1 54 5 11 81 30 233 216 255 1 >  - distancia: 1575.15 - carga: 192
Rota 10 : < 1 134 21 13 85 196 202 222 1 >  - distancia: 1984.1 - carga: 191
Rota 11 : < 1 240 7 38 121 184 128 36 153 110 256 132 123 221 1 >  - distancia: 2596.76 - carga: 192
Rota 12 : < 1 172 8 19 270 247 209 239 105 178 107 151 272 273 28 168 42 76 57 99 237 27 230 265 1 >  - distancia: 4578.25 - carga: 192
Rota 13 : < 1 159 16 22 243 109 149 250 61 203 263 181 194 1 >  - distancia: 1762.61 - carga: 192
Rota 14 : < 1 24 254 234 248 71 206 163 276 269 261 158 102 45 108 142 35 187 126 82 100 1 >  - distancia: 4063.85 - carga: 192
Rota 15 : < 1 146 3 25 89 185 83 143 141 192 48 63 189 249 139 1 >  - distancia: 3260.71 - carga: 192
Rota 16 : < 1 98 20 137 55 157 145 241 104 174 179 106 131 166 113 124 213 162 155 1 >  - distancia: 2112.4 - carga: 192
total - 54561.9
optimal_value: 33503
% acima: 62.8567%
Demorou  0 ms para ler o arquivo de entrada.
Rota 0 : < 1 160 201 12 131 113 123 221 162 210 174 232 179 69 217 1 >  - distancia: 1904.96 - carga: 192
Rota 1 : < 1 21 216 244 84 229 152 255 177 54 204 251 267 97 274 75 45 102 261 39 133 127 1 >  - distancia: 2795.12 - carga: 192
Rota 2 : < 1 37 17 186 124 230 213 82 108 86 173 47 212 111 92 208 100 248 40 43 151 94 272 28 273 262 1 >  - distancia: 4605.4 - carga: 192
Rota 3 : < 1 264 137 11 6 196 245 116 103 79 144 1 >  - distancia: 2394.88 - carga: 192
Rota 4 : < 1 52 22 243 95 199 194 161 269 163 110 166 33 106 237 241 145 129 98 104 55 263 200 181 1 >  - distancia: 2985.56 - carga: 192
Rota 5 : < 1 72 119 105 146 226 117 257 88 278 225 80 271 135 235 258 65 236 280 34 51 59 60 73 120 202 246 77 26 231 99 268 27 126 35 187 260 193 138 118 275 1 >  - distancia: 6531.43 - carga: 175
Rota 6 : < 1 42 10 23 147 189 254 96 29 249 1 >  - distancia: 2408.08 - carga: 192
Rota 7 : < 1 76 38 121 142 128 36 153 256 125 205 276 71 206 57 167 240 139 58 234 78 44 158 64 115 122 70 134 250 90 1 >  - distancia: 4912.54 - carga: 192
Rota 8 : < 1 68 24 19 247 185 172 238 178 180 49 222 66 1 >  - distancia: 3343.65 - carga: 179
Rota 9 : < 1 184 3 8 252 140 223 191 83 270 130 1 >  - distancia: 3297.76 - carga: 191
Rota 10 : < 1 168 14 2 143 141 192 48 63 1 >  - distancia: 2973.11 - carga: 192
Rota 11 : < 1 214 13 18 30 85 114 175 81 197 1 >  - distancia: 1854.23 - carga: 192
Rota 12 : < 1 219 4 182 87 188 101 136 46 53 93 171 203 149 61 164 190 277 211 159 157 154 1 >  - distancia: 3520.95 - carga: 192
Rota 13 : < 1 132 7 25 89 209 239 107 56 50 156 259 62 265 155 1 >  - distancia: 3817.92 - carga: 192
Rota 14 : < 1 183 67 16 20 32 148 195 1 >  - distancia: 1477.02 - carga: 192
Rota 15 : < 1 15 198 176 215 109 224 266 112 242 31 165 218 253 169 228 74 279 170 220 41 1 >  - distancia: 3329.17 - carga: 192
Rota 16 : < 1 150 5 9 227 207 233 91 1 >  - distancia: 1607.52 - carga: 192
total - 53759.3
optimal_value: 33503
% acima: 60.4612%
Demorou  0 ms para ler o arquivo de entrada.
Rota 0 : < 1 275 121 184 38 142 262 128 42 248 37 71 234 58 29 64 115 135 74 60 280 34 73 120 72 50 206 102 261 274 39 61 181 127 194 57 35 187 260 193 27 155 154 1 >  - distancia: 6083.99 - carga: 167
Rota 1 : < 1 158 10 7 168 273 1 >  - distancia: 2390.4 - carga: 192
Rota 2 : < 1 204 31 25 89 143 141 105 178 49 107 83 48 272 151 28 92 212 124 230 208 100 126 138 111 82 47 75 33 45 1 >  - distancia: 5594.03 - carga: 192
Rota 3 : < 1 145 98 12 174 179 162 131 237 106 210 232 69 90 201 160 1 >  - distancia: 2013.72 - carga: 192
Rota 4 : < 1 157 22 9 253 114 87 116 144 77 246 279 222 66 26 91 197 93 139 94 130 192 180 43 40 118 1 >  - distancia: 5566.46 - carga: 186
Rota 5 : < 1 86 173 108 205 125 186 113 221 123 166 163 36 76 153 256 110 99 109 263 250 203 149 224 277 243 217 52 211 1 >  - distancia: 3921.87 - carga: 192
Rota 6 : < 1 219 21 20 137 32 148 264 1 >  - distancia: 1198.71 - carga: 192
Rota 7 : < 1 17 213 16 241 104 159 129 156 1 >  - distancia: 1821.85 - carga: 192
Rota 8 : < 1 233 13 6 182 79 103 196 202 1 >  - distancia: 2177.69 - carga: 192
Rota 9 : < 1 189 23 14 88 278 68 147 249 1 >  - distancia: 2413.6 - carga: 192
Rota 10 : < 1 18 5 227 150 188 175 1 >  - distancia: 1575.88 - carga: 192
Rota 11 : < 1 271 117 56 226 257 146 119 225 80 51 59 41 65 236 235 46 170 101 218 165 220 228 53 84 70 55 195 190 95 164 62 265 268 1 >  - distancia: 5199.69 - carga: 192
Rota 12 : < 1 122 3 4 245 1 >  - distancia: 2801.4 - carga: 192
Rota 13 : < 1 276 24 19 270 247 191 209 63 254 96 223 238 1 >  - distancia: 3185.78 - carga: 192
Rota 14 : < 1 183 15 215 11 177 54 207 30 81 244 152 134 259 1 >  - distancia: 1910.09 - carga: 192
Rota 15 : < 1 67 2 8 140 172 252 185 239 1 >  - distancia: 2959.84 - carga: 192
Rota 16 : < 1 240 167 78 132 269 161 266 199 176 242 251 198 112 136 258 169 85 255 229 216 200 214 231 171 44 97 267 133 1 >  - distancia: 5035.52 - carga: 192
total - 55850.5
optimal_value: 33503
% acima: 66.703%
Demorou  0 ms para ler o arquivo de entrada.
Rota 0 : < 1 22 16 104 241 164 190 277 61 263 181 250 265 1 >  - distancia: 1720.92 - carga: 192
Rota 1 : < 1 112 267 97 161 78 276 163 153 42 38 184 142 76 248 36 128 37 254 121 71 58 29 240 139 167 44 274 1 >  - distancia: 3984.84 - carga: 192
Rota 2 : < 1 249 23 64 3 223 140 239 40 118 1 >  - distancia: 2744.46 - carga: 192
Rota 3 : < 1 67 183 176 198 199 19 270 8 172 252 105 146 178 49 180 1 >  - distancia: 3469.49 - carga: 192
Rota 4 : < 1 94 7 14 209 63 43 1 >  - distancia: 2593.53 - carga: 192
Rota 5 : < 1 131 106 17 205 186 113 166 75 123 174 232 237 221 125 86 111 47 212 208 193 260 275 1 >  - distancia: 3752.73 - carga: 192
Rota 6 : < 1 203 20 148 13 30 207 188 101 1 >  - distancia: 2392.45 - carga: 192
Rota 7 : < 1 269 10 234 25 89 143 185 191 83 48 130 1 >  - distancia: 2999.02 - carga: 192
Rota 8 : < 1 149 15 21 129 201 98 137 264 259 1 >  - distancia: 1785.7 - carga: 192
Rota 9 : < 1 224 11 5 177 81 227 233 1 >  - distancia: 1641.28 - carga: 192
Rota 10 : < 1 169 9 18 150 253 85 114 87 103 26 1 >  - distancia: 2205.96 - carga: 192
Rota 11 : < 1 147 24 2 141 192 107 238 1 >  - distancia: 3026.84 - carga: 185
Rota 12 : < 1 279 6 4 245 116 144 66 222 1 >  - distancia: 2479.47 - carga: 192
Rota 13 : < 1 200 84 229 152 134 244 231 175 46 218 228 170 258 236 60 196 202 182 79 77 246 214 53 93 54 39 115 135 72 280 73 50 122 27 155 1 >  - distancia: 5736.29 - carga: 169
Rota 14 : < 1 165 31 136 242 251 266 215 204 109 217 179 69 33 99 158 45 102 261 133 210 159 32 195 157 145 55 154 156 160 52 90 211 62 70 216 219 255 91 1 >  - distancia: 5643.58 - carga: 192
Rota 15 : < 1 65 220 74 41 225 120 59 34 51 80 271 235 119 68 117 88 257 226 56 278 247 151 273 168 100 126 262 57 206 189 96 272 28 35 187 138 95 127 194 171 197 1 >  - distancia: 5728.03 - carga: 191
Rota 16 : < 1 243 12 162 213 124 230 82 173 92 108 256 132 110 268 1 >  - distancia: 2648.87 - carga: 192
total - 54553.5
optimal_value: 33503
% acima: 62.8315%
Demorou  0 ms para ler o arquivo de entrada.
Rota 0 : < 1 159 20 137 22 90 210 232 69 243 263 250 201 156 32 1 >  - distancia: 1764.61 - carga: 191
Rota 1 : < 1 240 23 25 191 83 247 185 239 257 107 223 209 63 48 1 >  - distancia: 3215.4 - carga: 192
Rota 2 : < 1 91 11 177 197 227 150 175 169 170 74 279 220 228 202 246 53 129 55 264 145 148 1 >  - distancia: 3117.84 - carga: 192
Rota 3 : < 1 49 2 143 89 141 192 225 280 60 51 73 120 80 59 41 34 218 171 214 134 255 157 160 154 1 >  - distancia: 4223.98 - carga: 185
Rota 4 : < 1 45 269 158 261 132 163 153 276 78 71 248 37 121 36 128 42 38 76 142 262 100 126 138 57 102 44 97 95 190 52 217 61 181 216 219 1 >  - distancia: 4210.72 - carga: 192
Rota 5 : < 1 86 7 10 206 118 1 >  - distancia: 2647.82 - carga: 192
Rota 6 : < 1 235 24 19 270 130 151 273 272 94 168 28 184 275 35 187 75 99 268 27 230 33 265 155 1 >  - distancia: 4220.11 - carga: 192
Rota 7 : < 1 174 12 124 82 47 212 92 111 173 125 256 110 139 1 >  - distancia: 2585.32 - carga: 192
Rota 8 : < 1 127 15 176 198 266 199 161 67 242 251 204 31 165 46 101 258 271 135 64 249 147 56 1 >  - distancia: 3234.86 - carga: 192
Rota 9 : < 1 252 140 172 4 196 116 182 79 103 245 144 66 115 72 50 178 180 238 1 >  - distancia: 5068.18 - carga: 185
Rota 10 : < 1 183 16 98 104 241 164 62 277 109 211 149 224 215 229 203 84 200 194 1 >  - distancia: 2735.75 - carga: 192
Rota 11 : < 1 8 3 105 146 117 278 226 119 1 >  - distancia: 2797.08 - carga: 192
Rota 12 : < 1 65 6 13 85 253 114 87 77 26 1 >  - distancia: 2565.67 - carga: 192
Rota 13 : < 1 188 9 18 30 233 207 81 54 231 136 1 >  - distancia: 1887.57 - carga: 192
Rota 14 : < 1 39 5 21 152 93 1 >  - distancia: 2277.61 - carga: 192
Rota 15 : < 1 213 17 186 162 179 113 123 166 131 221 237 106 205 208 108 193 260 40 43 122 222 1 >  - distancia: 3666.08 - carga: 176
Rota 16 : < 1 236 14 88 68 29 58 167 234 254 189 96 112 133 274 267 244 70 259 195 1 >  - distancia: 3466.13 - carga: 192
total - 53684.7
optimal_value: 33503
% acima: 60.2386%
Demorou  0 ms para ler o arquivo de entrada.
Rota 0 : < 1 212 47 111 108 193 125 205 124 230 162 123 106 131 113 179 232 210 69 237 33 99 221 27 90 70 255 156 157 195 160 95 127 268 102 57 206 76 275 1 >  - distancia: 5962.95 - carga: 192
Rota 1 : < 1 257 14 3 223 239 209 63 1 >  - distancia: 2584.45 - carga: 192
Rota 2 : < 1 62 16 104 241 19 151 273 248 142 262 1 >  - distancia: 2917.75 - carga: 192
Rota 3 : < 1 42 23 10 71 276 132 45 1 >  - distancia: 2305.03 - carga: 192
Rota 4 : < 1 26 87 85 30 150 188 169 228 74 220 65 46 271 235 258 225 146 119 80 120 51 34 280 60 41 170 279 246 214 216 134 219 1 >  - distancia: 4087.12 - carga: 192
Rota 5 : < 1 129 20 137 32 148 264 201 55 145 159 98 109 217 211 149 203 229 84 259 1 >  - distancia: 1868.24 - carga: 192
Rota 6 : < 1 31 136 242 112 267 274 158 261 163 153 121 128 184 38 100 126 86 208 82 213 173 92 36 35 37 168 254 272 130 48 1 >  - distancia: 4896.33 - carga: 192
Rota 7 : < 1 236 7 8 140 252 172 178 49 180 1 >  - distancia: 3509.9 - carga: 192
Rota 8 : < 1 222 9 18 233 207 175 101 218 165 53 171 251 231 197 1 >  - distancia: 2717.56 - carga: 192
Rota 9 : < 1 194 199 24 270 191 247 185 88 117 68 226 278 56 64 115 29 147 249 122 1 >  - distancia: 3345.96 - carga: 192
Rota 10 : < 1 174 12 17 186 256 110 1 >  - distancia: 1762.95 - carga: 192
Rota 11 : < 1 215 15 198 22 166 75 269 240 44 78 167 58 189 96 94 43 1 >  - distancia: 2807.06 - carga: 192
Rota 12 : < 1 77 4 245 116 103 79 144 39 133 97 139 135 72 50 73 238 192 28 260 187 138 118 40 154 265 155 1 >  - distancia: 5710.9 - carga: 162
Rota 13 : < 1 59 2 143 25 89 141 83 105 107 234 1 >  - distancia: 3514.52 - carga: 192
Rota 14 : < 1 227 21 13 114 253 93 1 >  - distancia: 2117.56 - carga: 192
Rota 15 : < 1 202 11 177 81 54 204 176 161 67 183 266 243 224 277 164 190 52 250 263 61 244 200 181 1 >  - distancia: 3196.79 - carga: 192
Rota 16 : < 1 152 5 6 196 182 66 91 1 >  - distancia: 2155.04 - carga: 191
total - 55460.1
optimal_value: 33503
% acima: 65.5377%
Demorou  0 ms para ler o arquivo de entrada.
Rota 0 : < 1 16 104 21 216 1 >  - distancia: 1312.93 - carga: 192
Rota 1 : < 1 183 2 143 8 172 252 141 192 178 238 63 43 40 275 187 138 1 >  - distancia: 3789.09 - carga: 192
Rota 2 : < 1 200 11 13 114 87 85 30 233 214 219 1 >  - distancia: 1719.16 - carga: 192
Rota 3 : < 1 153 163 132 256 125 82 205 208 108 193 86 173 111 92 47 212 124 230 106 162 27 100 126 37 206 94 28 273 130 1 >  - distancia: 4757.73 - carga: 178
Rota 4 : < 1 113 20 264 148 32 137 55 201 156 129 70 152 203 109 229 134 259 1 >  - distancia: 2827.09 - carga: 190
Rota 5 : < 1 15 9 150 188 175 169 170 228 101 218 136 1 >  - distancia: 2217.2 - carga: 192
Rota 6 : < 1 29 10 58 18 207 81 177 54 1 >  - distancia: 2384.62 - carga: 192
Rota 7 : < 1 224 199 194 161 176 215 266 198 67 240 78 276 158 167 71 121 36 42 142 262 35 128 234 64 115 135 249 44 261 274 39 171 197 1 >  - distancia: 4175.17 - carga: 192
Rota 8 : < 1 14 23 147 189 96 254 119 50 72 222 1 >  - distancia: 2883.34 - carga: 192
Rota 9 : < 1 164 22 24 272 270 247 209 239 107 105 225 146 49 180 1 >  - distancia: 3079.75 - carga: 192
Rota 10 : < 1 80 4 5 93 246 1 >  - distancia: 2743.59 - carga: 192
Rota 11 : < 1 3 140 223 88 68 257 226 271 258 46 31 242 112 133 97 139 1 >  - distancia: 3202.72 - carga: 192
Rota 12 : < 1 56 117 25 89 191 185 83 48 278 235 65 74 220 236 51 59 34 280 60 120 73 279 202 77 26 91 144 66 1 >  - distancia: 4892.89 - carga: 177
Rota 13 : < 1 41 6 182 196 79 116 245 103 253 227 244 255 204 165 53 251 231 267 122 1 >  - distancia: 4284.9 - carga: 192
Rota 14 : < 1 98 145 241 159 210 232 221 237 69 269 102 179 123 110 45 166 33 99 75 268 84 277 52 250 263 243 217 95 127 211 90 190 62 149 181 154 160 195 157 61 265 155 260 1 >  - distancia: 6092.12 - carga: 192
Rota 15 : < 1 186 12 17 213 131 174 1 >  - distancia: 1751.09 - carga: 192
Rota 16 : < 1 248 19 7 168 151 38 184 76 57 118 1 >  - distancia: 2844.37 - carga: 192
total - 54957.7
optimal_value: 33503
% acima: 64.0383%
Demorou  0 ms para ler o arquivo de entrada.
Rota 0 : < 1 184 24 8 172 140 88 239 117 68 147 189 1 >  - distancia: 3185.88 - carga: 192
Rota 1 : < 1 99 12 162 213 124 230 27 45 57 206 37 28 168 130 178 49 180 238 50 40 118 155 1 >  - distancia: 4460.27 - carga: 161
Rota 2 : < 1 54 9 227 11 244 152 229 84 200 203 263 1 >  - distancia: 1657.6 - carga: 192
Rota 3 : < 1 257 23 10 71 42 121 76 275 1 >  - distancia: 2666.81 - carga: 192
Rota 4 : < 1 61 16 241 145 55 137 195 157 109 149 190 62 224 277 164 98 250 266 243 194 1 >  - distancia: 2578.13 - carga: 192
Rota 5 : < 1 182 4 116 245 103 77 169 74 119 271 72 46 170 41 65 120 1 >  - distancia: 3786 - carga: 192
Rota 6 : < 1 220 21 134 177 188 81 53 231 216 214 219 196 202 59 60 280 34 279 228 246 222 66 144 197 1 >  - distancia: 5537.81 - carga: 192
Rota 7 : < 1 79 6 18 30 207 233 85 114 26 91 1 >  - distancia: 2450.47 - carga: 192
Rota 8 : < 1 104 22 3 107 105 146 225 80 236 51 73 1 >  - distancia: 2722.02 - carga: 192
Rota 9 : < 1 179 15 198 176 183 67 112 267 274 199 242 251 204 136 31 165 218 101 175 171 93 1 >  - distancia: 2717.87 - carga: 192
Rota 10 : < 1 160 20 148 32 264 201 129 70 156 159 52 181 211 90 265 95 127 69 33 268 75 234 278 96 272 209 63 43 1 >  - distancia: 4179.67 - carga: 192
Rota 11 : < 1 44 7 151 270 247 89 143 223 29 249 254 94 240 258 235 135 115 39 1 >  - distancia: 3924.59 - carga: 192
Rota 12 : < 1 273 19 25 191 83 185 252 226 56 64 58 78 167 122 1 >  - distancia: 3147.83 - carga: 192
Rota 13 : < 1 153 14 2 141 192 48 1 >  - distancia: 2885.87 - carga: 192
Rota 14 : < 1 113 17 186 125 205 82 108 173 86 208 193 111 212 92 47 260 126 187 138 97 133 139 255 217 154 259 1 >  - distancia: 4061.75 - carga: 192
Rota 15 : < 1 5 13 150 87 253 1 >  - distancia: 1765.94 - carga: 192
Rota 16 : < 1 237 221 131 106 174 210 232 123 166 256 163 110 132 36 248 38 128 142 262 35 100 276 269 261 158 102 161 215 1 >  - distancia: 3219.57 - carga: 192
total - 54948.1
optimal_value: 33503
% acima: 64.0094%
Demorou  0 ms para ler o arquivo de entrada.
Rota 0 : < 1 179 17 186 213 82 205 125 173 47 212 111 92 208 100 126 153 57 42 234 43 1 >  - distancia: 3126.38 - carga: 192
Rota 1 : < 1 277 224 266 242 204 251 136 31 167 58 147 68 140 107 117 80 120 59 60 41 280 51 73 165 101 218 246 228 222 115 249 72 178 49 180 238 192 63 1 >  - distancia: 5652.51 - carga: 184
Rota 2 : < 1 149 109 4 6 245 144 66 1 >  - distancia: 2511.25 - carga: 191
Rota 3 : < 1 241 16 20 32 148 195 154 1 >  - distancia: 1050.77 - carga: 192
Rota 4 : < 1 8 2 89 143 141 172 88 96 29 1 >  - distancia: 2970.33 - carga: 191
Rota 5 : < 1 34 3 24 272 151 248 184 118 1 >  - distancia: 2973.26 - carga: 192
Rota 6 : < 1 14 19 270 130 38 275 142 35 262 86 260 187 138 168 28 273 94 40 1 >  - distancia: 3860.68 - carga: 191
Rota 7 : < 1 259 70 129 201 156 137 160 55 98 104 164 52 250 61 263 181 243 95 90 190 211 215 207 214 233 255 53 54 231 216 134 157 217 69 268 127 75 45 102 39 97 139 122 1 >  - distancia: 5202.75 - carga: 191
Rota 8 : < 1 159 145 13 85 87 30 114 253 79 116 182 103 77 171 62 265 27 155 1 >  - distancia: 3650.03 - carga: 174
Rota 9 : < 1 199 15 176 112 267 274 67 183 198 161 158 261 276 163 110 132 269 240 78 44 133 194 1 >  - distancia: 2589.74 - carga: 192
Rota 10 : < 1 26 5 11 229 200 203 84 152 219 1 >  - distancia: 1878.28 - carga: 192
Rota 11 : < 1 232 210 174 123 113 131 221 106 237 33 99 256 36 121 128 76 37 254 189 278 271 235 225 236 74 279 46 65 135 1 >  - distancia: 3935.64 - carga: 192
Rota 12 : < 1 7 10 71 206 1 >  - distancia: 2229 - carga: 192
Rota 13 : < 1 264 21 18 227 81 177 197 93 1 >  - distancia: 1560.4 - carga: 192
Rota 14 : < 1 166 22 12 162 124 230 108 193 1 >  - distancia: 2236.35 - carga: 191
Rota 15 : < 1 91 23 64 25 185 191 83 247 48 209 252 223 239 1 >  - distancia: 3448.31 - carga: 192
Rota 16 : < 1 244 9 150 175 188 169 196 202 170 220 258 119 146 226 105 257 56 50 1 >  - distancia: 3098.79 - carga: 192
total - 51974.5
optimal_value: 33503
% acima: 55.1338%
Demorou  0 ms para ler o arquivo de entrada.
Rota 0 : < 1 60 59 34 51 119 226 117 257 88 278 105 146 258 271 80 120 280 101 171 241 159 98 145 195 70 259 32 164 62 277 75 268 127 33 102 1 >  - distancia: 5673.03 - carga: 192
Rota 1 : < 1 218 5 81 54 231 177 204 31 136 165 46 220 74 41 65 279 222 1 >  - distancia: 2914.23 - carga: 192
Rota 2 : < 1 207 9 150 18 233 227 188 114 246 214 1 >  - distancia: 1862.45 - carga: 192
Rota 3 : < 1 27 17 186 125 108 208 82 205 256 153 132 276 78 167 240 112 97 133 1 >  - distancia: 2512.02 - carga: 192
Rota 4 : < 1 174 22 90 217 211 224 243 95 199 183 176 67 274 267 64 249 115 235 236 73 87 242 148 137 160 157 181 194 1 >  - distancia: 4363.35 - carga: 192
Rota 5 : < 1 266 21 13 30 175 93 1 >  - distancia: 2053.17 - carga: 192
Rota 6 : < 1 45 158 261 10 234 248 42 71 58 68 189 147 29 254 96 128 142 111 260 126 35 187 1 >  - distancia: 3839.58 - carga: 192
Rota 7 : < 1 210 12 162 131 123 113 106 221 179 232 237 69 109 215 1 >  - distancia: 1896.73 - carga: 192
Rota 8 : < 1 275 121 38 24 272 270 130 151 94 184 262 100 92 124 173 47 212 86 213 230 104 1 >  - distancia: 4108.52 - carga: 192
Rota 9 : < 1 265 15 198 14 185 191 83 247 48 209 63 239 135 1 >  - distancia: 2850.53 - carga: 192
Rota 10 : < 1 225 23 3 252 107 178 49 180 1 >  - distancia: 3050.69 - carga: 192
Rota 11 : < 1 53 11 4 245 116 79 103 144 1 >  - distancia: 2477.51 - carga: 192
Rota 12 : < 1 52 16 20 264 55 201 156 1 >  - distancia: 1002.43 - carga: 192
Rota 13 : < 1 56 7 37 36 163 110 166 269 161 152 203 149 250 61 263 1 >  - distancia: 3216.2 - carga: 192
Rota 14 : < 1 223 2 8 140 172 238 44 206 57 99 190 219 154 1 >  - distancia: 3841.25 - carga: 192
Rota 15 : < 1 43 19 25 89 143 141 192 273 28 168 76 138 134 77 26 91 197 139 122 72 50 40 118 193 155 1 >  - distancia: 6095.91 - carga: 161
Rota 16 : < 1 66 6 182 196 202 169 170 228 253 85 229 216 129 244 255 84 200 251 39 1 >  - distancia: 3838.2 - carga: 192
total - 55595.8
optimal_value: 33503
% acima: 65.9427%
Demorou  0 ms para ler o arquivo de entrada.
Rota 0 : < 1 211 224 176 198 199 266 215 243 95 166 75 256 38 142 262 35 173 86 212 111 47 92 260 126 187 138 102 69 90 217 33 127 194 181 154 157 1 >  - distancia: 4288.29 - carga: 180
Rota 1 : < 1 94 7 8 140 223 107 119 72 135 235 1 >  - distancia: 3008.57 - carga: 192
Rota 2 : < 1 85 114 253 21 152 134 129 264 55 201 70 259 156 84 255 1 >  - distancia: 2723.71 - carga: 191
Rota 3 : < 1 22 12 162 179 232 210 237 27 1 >  - distancia: 1796.19 - carga: 192
Rota 4 : < 1 99 16 20 195 32 148 137 1 >  - distancia: 1561.82 - carga: 191
Rota 5 : < 1 268 19 191 247 185 252 89 141 192 143 83 209 63 239 271 64 115 249 96 240 44 241 164 200 216 219 1 >  - distancia: 4623.34 - carga: 190
Rota 6 : < 1 26 9 150 18 233 207 81 231 177 227 246 1 >  - distancia: 2101.5 - carga: 192
Rota 7 : < 1 50 226 117 68 254 234 248 37 121 76 163 153 110 36 100 128 42 184 275 168 28 273 272 130 48 178 280 279 53 93 39 139 122 133 60 34 238 40 118 193 230 1 >  - distancia: 7263.33 - carga: 177
Rota 8 : < 1 56 2 172 13 30 91 1 >  - distancia: 3043.93 - carga: 192
Rota 9 : < 1 151 24 14 88 257 278 49 180 1 >  - distancia: 2825.45 - carga: 192
Rota 10 : < 1 62 15 11 244 229 203 263 61 250 149 109 52 98 159 145 160 1 >  - distancia: 1894.04 - carga: 192
Rota 11 : < 1 258 4 196 87 79 245 103 77 169 218 31 242 251 54 197 214 1 >  - distancia: 3430.13 - carga: 192
Rota 12 : < 1 270 25 3 105 146 225 74 65 41 222 66 1 >  - distancia: 3322.11 - carga: 192
Rota 13 : < 1 165 5 6 182 116 144 228 1 >  - distancia: 2579.35 - carga: 192
Rota 14 : < 1 10 23 58 29 189 147 167 43 1 >  - distancia: 2505.39 - carga: 192
Rota 15 : < 1 97 112 274 267 67 161 183 269 158 261 132 45 276 78 71 206 57 136 175 204 171 170 220 188 202 46 101 236 59 51 80 120 73 1 >  - distancia: 4991.43 - carga: 192
Rota 16 : < 1 17 186 113 123 125 205 108 208 82 213 124 131 221 174 106 104 190 277 265 155 1 >  - distancia: 2943.96 - carga: 192
total - 54902.6
optimal_value: 33503
% acima: 63.8735%
Mdia total para X-n280-k17: 54525.3
Tempo medio para X-n280-k17: 0
