
Demorou  0 ms para ler o arquivo de entrada.
Rota 0 : < 1 61 21 18 30 207 233 216 219 91 1 >  - distancia: 1909.75 - carga: 192
Rota 1 : < 1 226 117 7 121 248 42 38 37 184 142 36 128 76 275 1 >  - distancia: 3354.36 - carga: 192
Rota 2 : < 1 265 277 109 211 243 95 166 99 113 131 123 221 106 125 213 205 124 82 212 47 108 111 92 260 35 138 118 43 63 192 193 230 1 >  - distancia: 4958.19 - carga: 171
Rota 3 : < 1 195 20 137 201 129 70 264 148 32 55 157 145 98 159 241 104 164 52 149 259 1 >  - distancia: 1711.11 - carga: 192
Rota 4 : < 1 122 6 182 245 170 279 74 65 59 51 34 60 41 280 68 135 115 72 50 107 178 49 180 120 73 202 255 214 134 156 160 154 1 >  - distancia: 5200.67 - carga: 192
Rota 5 : < 1 93 5 227 9 150 114 246 77 1 >  - distancia: 1836.47 - carga: 192
Rota 6 : < 1 144 4 116 79 103 87 85 253 169 188 175 53 101 218 228 66 1 >  - distancia: 3018.56 - carga: 192
Rota 7 : < 1 96 23 2 89 191 48 1 >  - distancia: 2873.9 - carga: 192
Rota 8 : < 1 78 167 10 58 29 64 271 119 235 225 236 80 146 105 257 56 1 >  - distancia: 2880.77 - carga: 192
Rota 9 : < 1 196 13 11 81 54 177 197 244 229 200 1 >  - distancia: 2028.25 - carga: 192
Rota 10 : < 1 186 17 12 162 179 237 27 1 >  - distancia: 1757.4 - carga: 192
Rota 11 : < 1 84 16 22 90 174 210 232 69 33 75 155 1 >  - distancia: 2144.57 - carga: 192
Rota 12 : < 1 194 15 198 176 215 199 161 67 183 112 97 267 242 204 136 31 165 46 258 220 222 1 >  - distancia: 2580.87 - carga: 192
Rota 13 : < 1 173 86 208 256 110 153 132 163 276 269 158 261 102 240 139 44 274 39 251 266 152 203 250 181 224 263 190 62 217 127 268 45 133 231 171 26 1 >  - distancia: 5259.16 - carga: 182
Rota 14 : < 1 189 24 19 270 130 272 151 273 28 234 71 57 206 100 126 262 187 1 >  - distancia: 3366.35 - carga: 192
Rota 15 : < 1 238 8 25 185 247 209 252 140 223 172 143 141 83 239 254 94 168 40 1 >  - distancia: 3967.86 - carga: 192
Rota 16 : < 1 278 3 14 88 147 249 1 >  - distancia: 2394.78 - carga: 192
total - 51243
optimal_value: 33503
% acima: 52.9506%
Demorou  0 ms para ler o arquivo de entrada.
Rota 0 : < 1 149 16 20 195 137 32 148 1 >  - distancia: 940.619 - carga: 191
Rota 1 : < 1 129 21 5 54 1 >  - distancia: 1338.11 - carga: 192
Rota 2 : < 1 180 14 88 8 140 252 172 238 192 72 171 93 197 26 66 1 >  - distancia: 4338.63 - carga: 184
Rota 3 : < 1 141 2 25 89 143 185 191 83 239 63 122 1 >  - distancia: 3057.13 - carga: 192
Rota 4 : < 1 242 136 204 31 165 46 258 119 105 178 49 107 189 96 272 94 147 135 50 51 41 279 222 210 232 69 33 268 127 95 211 90 265 134 214 91 39 133 261 102 45 27 1 >  - distancia: 6442.35 - carga: 172
Rota 5 : < 1 6 4 245 116 103 1 >  - distancia: 2054.24 - carga: 192
Rota 6 : < 1 193 17 12 162 186 113 237 155 1 >  - distancia: 2019.36 - carga: 192
Rota 7 : < 1 276 23 29 58 64 115 271 225 235 80 226 146 74 220 59 34 60 280 1 >  - distancia: 3547.43 - carga: 191
Rota 8 : < 1 22 109 224 266 198 161 67 176 112 267 97 274 44 240 139 199 215 251 53 101 218 65 236 73 120 1 >  - distancia: 3407.63 - carga: 192
Rota 9 : < 1 158 269 167 78 71 121 36 100 108 256 153 128 184 37 142 38 76 35 262 187 126 138 57 206 241 98 145 159 55 157 160 250 1 >  - distancia: 3982.35 - carga: 192
Rota 10 : < 1 179 131 106 221 123 166 75 99 163 132 110 125 208 82 205 213 124 230 47 212 92 111 173 86 260 174 104 1 >  - distancia: 3088.37 - carga: 191
Rota 11 : < 1 183 15 3 223 117 56 278 257 68 249 1 >  - distancia: 2664.15 - carga: 192
Rota 12 : < 1 209 24 19 270 130 247 48 254 234 43 248 42 118 40 168 1 >  - distancia: 3179.73 - carga: 192
Rota 13 : < 1 231 11 177 227 188 169 228 170 196 202 182 79 144 70 264 156 277 190 164 62 52 61 243 217 1 >  - distancia: 3446.81 - carga: 192
Rota 14 : < 1 10 7 151 273 28 275 1 >  - distancia: 2399.51 - carga: 192
Rota 15 : < 1 30 18 9 150 114 87 77 246 216 201 259 1 >  - distancia: 1888.22 - carga: 192
Rota 16 : < 1 229 13 85 253 233 207 175 81 84 152 255 219 244 200 203 263 181 154 194 1 >  - distancia: 2898.56 - carga: 192
total - 50693.2
optimal_value: 33503
% acima: 51.3094%
Demorou  0 ms para ler o arquivo de entrada.
Rota 0 : < 1 92 111 47 212 108 193 173 86 82 205 213 124 230 131 221 162 27 106 237 69 33 277 190 62 224 266 241 159 104 164 90 95 127 1 >  - distancia: 4155.11 - carga: 192
Rota 1 : < 1 8 23 64 78 167 112 274 133 67 242 215 265 155 1 >  - distancia: 3158.32 - carga: 192
Rota 2 : < 1 194 15 11 9 150 1 >  - distancia: 1652.68 - carga: 192
Rota 3 : < 1 154 21 5 81 231 1 >  - distancia: 1460.82 - carga: 192
Rota 4 : < 1 36 24 19 270 130 151 273 28 168 184 100 126 262 110 99 45 1 >  - distancia: 3139.1 - carga: 191
Rota 5 : < 1 240 10 58 29 147 189 254 68 96 235 59 51 236 120 34 60 280 178 49 135 115 249 139 122 261 217 211 156 259 1 >  - distancia: 3903.06 - carga: 192
Rota 6 : < 1 52 12 17 186 125 208 260 35 1 >  - distancia: 2296.26 - carga: 192
Rota 7 : < 1 185 2 25 89 143 191 83 247 63 1 >  - distancia: 2902.86 - carga: 192
Rota 8 : < 1 218 4 13 85 253 93 1 >  - distancia: 2367.08 - carga: 192
Rota 9 : < 1 243 22 179 174 210 232 113 123 166 75 268 269 276 71 234 43 42 57 206 158 44 267 97 39 1 >  - distancia: 2840.32 - carga: 192
Rota 10 : < 1 87 6 182 245 116 103 79 114 169 175 227 188 101 46 258 50 73 1 >  - distancia: 3476.43 - carga: 192
Rota 11 : < 1 180 3 14 88 257 56 72 1 >  - distancia: 2586.69 - carga: 192
Rota 12 : < 1 220 65 74 41 225 80 226 119 271 117 278 105 146 252 172 140 223 107 239 209 48 141 192 272 94 40 275 187 138 238 144 1 >  - distancia: 5618.03 - carga: 162
Rota 13 : < 1 195 148 32 264 129 201 70 152 200 229 84 244 216 255 219 134 136 31 53 171 165 170 228 196 202 246 77 26 214 91 279 222 66 1 >  - distancia: 4811.5 - carga: 192
Rota 14 : < 1 61 18 233 30 207 177 54 204 251 176 198 161 183 199 109 149 263 250 203 181 1 >  - distancia: 2172.49 - carga: 192
Rota 15 : < 1 16 20 137 55 157 145 98 160 197 1 >  - distancia: 1666.2 - carga: 192
Rota 16 : < 1 118 7 248 37 121 142 128 38 76 153 132 256 163 102 1 >  - distancia: 2807.52 - carga: 192
total - 51014.5
optimal_value: 33503
% acima: 52.2684%
Demorou  0 ms para ler o arquivo de entrada.
Rota 0 : < 1 148 20 16 241 104 164 62 1 >  - distancia: 836.571 - carga: 192
Rota 1 : < 1 168 2 3 140 238 1 >  - distancia: 2950.82 - carga: 192
Rota 2 : < 1 163 132 276 78 71 234 29 58 64 115 271 226 278 117 119 80 225 59 34 280 60 51 236 258 165 31 235 1 >  - distancia: 3714.98 - carga: 192
Rota 3 : < 1 116 4 245 79 103 87 77 26 279 222 120 73 56 72 107 239 141 192 193 1 >  - distancia: 4450.73 - carga: 163
Rota 4 : < 1 21 152 84 229 244 200 203 263 181 201 129 264 32 98 157 155 1 >  - distancia: 2205.12 - carga: 192
Rota 5 : < 1 255 18 233 30 214 216 134 70 137 145 159 55 250 61 149 52 190 277 90 217 95 127 211 195 160 154 156 259 219 1 >  - distancia: 3435.63 - carga: 192
Rota 6 : < 1 202 6 182 196 169 228 170 220 65 74 41 46 175 218 101 53 171 251 267 39 139 135 50 1 >  - distancia: 3851.35 - carga: 192
Rota 7 : < 1 108 17 125 205 186 113 166 75 269 167 240 112 133 44 274 97 67 242 204 93 91 1 >  - distancia: 3122.82 - carga: 190
Rota 8 : < 1 33 12 162 106 131 123 179 237 69 210 232 174 213 124 230 27 1 >  - distancia: 2306.58 - carga: 192
Rota 9 : < 1 221 22 15 198 176 266 215 199 109 224 243 161 183 194 265 1 >  - distancia: 2248.95 - carga: 192
Rota 10 : < 1 212 92 111 47 82 208 173 86 260 36 153 121 128 248 37 184 142 262 100 126 110 158 256 99 42 57 76 206 102 261 35 187 138 28 273 275 118 40 43 122 1 >  - distancia: 5938.17 - carga: 192
Rota 11 : < 1 268 14 25 89 143 191 83 247 185 209 63 48 1 >  - distancia: 3083.8 - carga: 192
Rota 12 : < 1 188 13 9 150 114 85 253 246 66 144 1 >  - distancia: 2461.9 - carga: 192
Rota 13 : < 1 45 10 19 270 130 151 272 254 189 96 105 178 146 49 180 1 >  - distancia: 3351.29 - carga: 192
Rota 14 : < 1 38 7 24 94 1 >  - distancia: 2385.42 - carga: 192
Rota 15 : < 1 136 23 8 172 252 223 88 257 68 147 249 1 >  - distancia: 2740.52 - carga: 192
Rota 16 : < 1 207 11 5 227 81 177 197 54 231 1 >  - distancia: 1504.53 - carga: 192
total - 50589.2
optimal_value: 33503
% acima: 50.999%
Demorou  0 ms para ler o arquivo de entrada.
Rota 0 : < 1 226 117 8 172 25 191 83 185 89 143 252 223 239 1 >  - distancia: 3275.8 - carga: 192
Rota 1 : < 1 16 241 104 61 149 211 95 127 268 99 33 232 69 45 102 262 35 138 209 63 48 107 178 49 180 56 135 72 115 139 122 77 144 66 222 73 238 43 275 1 >  - distancia: 6349.46 - carga: 192
Rota 2 : < 1 165 136 204 251 242 31 258 119 225 236 51 60 34 220 74 65 235 46 271 80 105 146 257 68 88 140 278 50 1 >  - distancia: 4393.15 - carga: 192
Rota 3 : < 1 38 7 19 270 130 234 42 118 40 206 1 >  - distancia: 2720.38 - carga: 192
Rota 4 : < 1 126 12 162 221 113 166 75 269 158 261 240 44 133 39 215 217 62 265 27 155 1 >  - distancia: 3395.36 - carga: 186
Rota 5 : < 1 58 10 24 272 151 273 28 37 168 94 1 >  - distancia: 2726.69 - carga: 192
Rota 6 : < 1 9 13 150 85 87 253 188 101 93 1 >  - distancia: 2024.26 - carga: 192
Rota 7 : < 1 244 5 18 30 233 207 91 26 1 >  - distancia: 1745.7 - carga: 192
Rota 8 : < 1 78 167 15 176 199 109 224 266 198 183 112 274 97 67 267 161 243 277 190 52 250 154 1 >  - distancia: 2543.28 - carga: 191
Rota 9 : < 1 116 4 245 79 103 114 246 202 170 279 41 280 120 29 189 248 57 100 187 1 >  - distancia: 3865.98 - carga: 192
Rota 10 : < 1 164 22 90 210 174 106 123 205 108 47 173 92 111 82 208 193 86 260 212 124 230 213 1 >  - distancia: 2990.38 - carga: 192
Rota 11 : < 1 64 23 14 247 254 96 147 249 1 >  - distancia: 2436.34 - carga: 192
Rota 12 : < 1 20 137 201 129 70 264 148 32 195 55 145 98 159 157 160 156 259 1 >  - distancia: 1398.36 - carga: 168
Rota 13 : < 1 11 21 216 152 84 200 203 263 181 194 1 >  - distancia: 1852.1 - carga: 192
Rota 14 : < 1 237 179 131 17 186 125 256 163 110 276 153 132 36 142 121 184 128 76 1 >  - distancia: 2727.99 - carga: 192
Rota 15 : < 1 59 6 182 196 169 228 218 175 53 177 81 54 227 229 255 219 214 134 231 197 171 1 >  - distancia: 3867.01 - carga: 192
Rota 16 : < 1 71 3 2 141 192 1 >  - distancia: 2861.36 - carga: 192
total - 51173.6
optimal_value: 33503
% acima: 52.7433%
Demorou  0 ms para ler o arquivo de entrada.
Rota 0 : < 1 129 21 152 84 200 203 229 244 204 242 251 136 169 228 1 >  - distancia: 2301.48 - carga: 192
Rota 1 : < 1 237 17 205 82 208 125 256 163 132 153 36 128 184 38 121 76 142 262 35 187 138 1 >  - distancia: 2677.33 - carga: 192
Rota 2 : < 1 97 7 25 89 191 83 247 209 63 1 >  - distancia: 2808.05 - carga: 192
Rota 3 : < 1 72 23 29 58 64 68 226 278 257 105 117 271 119 235 258 165 171 222 1 >  - distancia: 3446.99 - carga: 192
Rota 4 : < 1 5 227 13 114 103 66 1 >  - distancia: 2122.8 - carga: 192
Rota 5 : < 1 158 269 24 19 270 130 151 273 28 92 111 47 1 >  - distancia: 3006.4 - carga: 189
Rota 6 : < 1 93 11 15 266 176 199 243 95 224 215 198 161 67 183 1 >  - distancia: 2277.12 - carga: 192
Rota 7 : < 1 122 112 267 274 240 139 276 71 248 42 254 147 234 43 37 168 272 94 31 46 218 101 175 188 53 220 170 279 65 41 34 73 135 115 249 206 57 45 102 118 1 >  - distancia: 5972.81 - carga: 192
Rota 8 : < 1 252 2 8 172 143 141 192 48 238 50 40 275 1 >  - distancia: 3868.34 - carga: 182
Rota 9 : < 1 85 9 18 30 207 177 54 81 233 214 1 >  - distancia: 1661.3 - carga: 192
Rota 10 : < 1 189 3 140 185 223 239 88 96 225 80 236 120 74 59 51 60 280 146 178 49 180 56 1 >  - distancia: 3961.48 - carga: 192
Rota 11 : < 1 196 4 6 245 182 1 >  - distancia: 2184.79 - carga: 192
Rota 12 : < 1 232 12 162 22 109 211 217 277 190 1 >  - distancia: 1522.13 - carga: 192
Rota 13 : < 1 107 14 10 78 167 44 1 >  - distancia: 2357.07 - carga: 192
Rota 14 : < 1 260 173 108 193 86 100 126 110 113 106 131 166 123 179 221 213 174 186 210 69 90 164 62 263 149 181 61 250 154 255 219 231 197 246 202 77 26 91 259 1 >  - distancia: 5296.91 - carga: 191
Rota 15 : < 1 52 16 241 104 98 145 157 159 124 230 212 99 75 268 127 33 27 261 133 39 194 265 155 1 >  - distancia: 3803.61 - carga: 176
Rota 16 : < 1 20 137 55 160 201 264 32 148 195 156 70 134 216 150 87 116 144 79 253 1 >  - distancia: 2477.07 - carga: 191
total - 51745.7
optimal_value: 33503
% acima: 54.4508%
Demorou  0 ms para ler o arquivo de entrada.
Rota 0 : < 1 256 17 82 125 208 205 113 123 106 131 162 179 174 232 210 241 164 265 1 >  - distancia: 2481.32 - carga: 192
Rota 1 : < 1 175 5 227 188 150 114 87 253 85 233 207 30 255 1 >  - distancia: 1918.83 - carga: 192
Rota 2 : < 1 47 92 111 212 108 193 86 260 173 100 121 42 128 262 35 187 76 184 275 57 183 97 274 67 133 75 127 95 217 277 52 190 62 61 149 203 263 250 264 195 157 155 1 >  - distancia: 4812.05 - carga: 192
Rota 3 : < 1 90 22 243 109 224 199 176 266 215 198 112 267 161 269 261 158 102 167 78 240 64 1 >  - distancia: 2603.25 - carga: 192
Rota 4 : < 1 168 7 23 58 147 249 1 >  - distancia: 2454.46 - carga: 192
Rota 5 : < 1 177 18 11 15 194 1 >  - distancia: 1596.49 - carga: 191
Rota 6 : < 1 254 14 24 272 247 209 239 238 192 1 >  - distancia: 3099.56 - carga: 192
Rota 7 : < 1 124 12 213 186 221 237 33 69 104 148 201 129 70 32 1 >  - distancia: 2363.27 - carga: 192
Rota 8 : < 1 276 10 234 71 248 37 38 142 36 153 132 163 110 166 99 1 >  - distancia: 2548.27 - carga: 192
Rota 9 : < 1 55 20 137 16 98 145 159 1 >  - distancia: 787.608 - carga: 192
Rota 10 : < 1 170 169 228 218 101 258 119 225 235 271 226 146 105 257 68 189 29 278 56 80 59 34 51 60 236 120 41 74 279 220 65 1 >  - distancia: 4115.17 - carga: 192
Rota 11 : < 1 26 13 4 245 116 144 66 1 >  - distancia: 2376.74 - carga: 192
Rota 12 : < 1 28 19 270 130 151 273 96 94 206 44 39 200 134 216 219 231 197 171 93 280 178 107 135 50 139 122 45 268 211 181 154 160 156 27 230 126 138 118 40 43 49 180 73 222 91 1 >  - distancia: 8624.45 - carga: 162
Rota 13 : < 1 214 9 6 182 196 79 103 77 202 246 53 54 1 >  - distancia: 2381.68 - carga: 192
Rota 14 : < 1 88 3 25 89 143 191 83 185 48 141 1 >  - distancia: 3264.22 - carga: 192
Rota 15 : < 1 259 21 152 229 84 244 81 204 242 251 136 31 165 46 115 1 >  - distancia: 2341.34 - carga: 192
Rota 16 : < 1 63 2 8 172 252 140 223 117 72 1 >  - distancia: 2846.47 - carga: 192
total - 50615.2
optimal_value: 33503
% acima: 51.0766%
Demorou  0 ms para ler o arquivo de entrada.
Rota 0 : < 1 94 7 24 272 151 273 1 >  - distancia: 2502.64 - carga: 192
Rota 1 : < 1 270 19 14 209 247 191 83 48 88 107 64 122 1 >  - distancia: 2999.19 - carga: 192
Rota 2 : < 1 96 10 23 68 117 56 226 1 >  - distancia: 2538.51 - carga: 192
Rota 3 : < 1 185 2 25 89 143 141 192 130 28 275 231 154 1 >  - distancia: 3402.69 - carga: 184
Rota 4 : < 1 18 9 150 30 207 81 177 197 54 233 93 1 >  - distancia: 1808.08 - carga: 192
Rota 5 : < 1 84 11 5 227 188 175 53 171 1 >  - distancia: 1563.13 - carga: 192
Rota 6 : < 1 159 16 20 137 264 148 259 1 >  - distancia: 993.629 - carga: 192
Rota 7 : < 1 108 12 162 22 179 237 221 1 >  - distancia: 2178.32 - carga: 192
Rota 8 : < 1 277 21 216 255 219 129 201 156 70 32 195 263 149 61 203 200 134 85 214 91 1 >  - distancia: 3315.47 - carga: 192
Rota 9 : < 1 132 163 276 167 112 267 274 97 136 204 31 165 46 271 258 235 105 178 180 59 34 280 60 74 116 79 253 246 26 66 1 >  - distancia: 4603.56 - carga: 192
Rota 10 : < 1 101 13 4 245 103 144 1 >  - distancia: 2555.33 - carga: 192
Rota 11 : < 1 168 37 248 42 71 206 78 240 139 58 147 254 29 234 43 189 249 115 218 114 87 77 202 279 41 135 72 50 251 39 44 133 57 118 40 35 187 138 27 230 193 63 238 49 222 1 >  - distancia: 7674.99 - carga: 169
Rota 12 : < 1 242 15 198 176 199 161 67 183 266 215 224 243 95 109 211 190 52 98 55 145 157 160 250 181 194 1 >  - distancia: 2656.7 - carga: 192
Rota 13 : < 1 205 17 125 256 153 121 142 38 128 184 76 36 100 126 262 269 261 158 102 110 45 75 99 1 >  - distancia: 3247.83 - carga: 192
Rota 14 : < 1 244 229 152 6 182 196 169 228 170 220 65 236 80 119 146 225 120 51 73 1 >  - distancia: 3167.4 - carga: 192
Rota 15 : < 1 278 257 3 8 172 252 140 223 239 1 >  - distancia: 2681.01 - carga: 192
Rota 16 : < 1 82 208 173 86 260 92 212 111 47 124 213 131 113 186 123 106 232 69 174 241 104 210 155 166 33 268 127 90 217 164 62 265 1 >  - distancia: 3869.05 - carga: 192
total - 51757.5
optimal_value: 33503
% acima: 54.4863%
Demorou  0 ms para ler o arquivo de entrada.
Rota 0 : < 1 279 6 5 227 175 53 171 93 1 >  - distancia: 2412.72 - carga: 192
Rota 1 : < 1 179 12 17 186 113 221 1 >  - distancia: 1560.54 - carga: 192
Rota 2 : < 1 157 16 21 152 1 >  - distancia: 1246.51 - carga: 192
Rota 3 : < 1 201 129 11 18 81 177 197 54 233 85 77 26 91 144 66 1 >  - distancia: 2739.24 - carga: 192
Rota 4 : < 1 109 15 215 176 199 198 242 251 204 136 31 165 46 101 218 170 222 235 135 56 50 178 49 180 238 192 1 >  - distancia: 3740.8 - carga: 189
Rota 5 : < 1 72 3 2 143 141 1 >  - distancia: 2739.48 - carga: 192
Rota 6 : < 1 89 25 14 88 68 257 226 119 80 1 >  - distancia: 2939.22 - carga: 192
Rota 7 : < 1 264 55 160 98 145 159 190 174 210 123 33 166 106 232 69 75 99 45 173 111 47 92 212 86 260 126 138 187 275 118 40 43 27 155 193 1 >  - distancia: 4995.12 - carga: 164
Rota 8 : < 1 254 24 7 168 28 1 >  - distancia: 2501.89 - carga: 192
Rota 9 : < 1 41 74 220 65 258 225 120 236 51 60 280 59 117 58 147 189 64 249 234 248 42 71 167 44 133 39 29 37 76 57 206 151 273 272 94 96 63 130 122 259 1 >  - distancia: 6039.03 - carga: 192
Rota 10 : < 1 102 10 19 270 247 48 209 140 105 146 278 73 1 >  - distancia: 3173.37 - carga: 192
Rota 11 : < 1 241 104 22 90 277 52 61 250 263 149 224 243 161 183 67 267 97 112 274 269 158 261 78 240 139 115 1 >  - distancia: 2604.18 - carga: 192
Rota 12 : < 1 137 20 32 148 70 84 134 200 244 203 181 266 229 216 214 255 219 231 95 217 211 164 62 265 1 >  - distancia: 3038.57 - carga: 192
Rota 13 : < 1 110 163 132 276 153 36 128 121 184 38 142 262 35 100 108 208 256 125 205 82 213 124 230 131 162 237 1 >  - distancia: 2920.07 - carga: 192
Rota 14 : < 1 207 30 13 9 150 188 169 228 1 >  - distancia: 1826.07 - carga: 192
Rota 15 : < 1 271 23 8 172 252 185 191 83 223 239 107 1 >  - distancia: 3058.05 - carga: 192
Rota 16 : < 1 34 4 245 116 182 79 103 87 253 196 202 114 246 156 195 154 127 268 194 1 >  - distancia: 4151.98 - carga: 192
total - 51686.8
optimal_value: 33503
% acima: 54.2752%
Demorou  0 ms para ler o arquivo de entrada.
Rota 0 : < 1 64 23 58 29 147 68 226 119 225 80 235 271 135 72 105 178 107 249 139 39 97 75 1 >  - distancia: 3231.44 - carga: 192
Rota 1 : < 1 10 7 37 168 28 1 >  - distancia: 2457.12 - carga: 192
Rota 2 : < 1 251 4 245 116 103 196 169 228 170 220 65 74 41 59 60 280 1 >  - distancia: 3132.82 - carga: 192
Rota 3 : < 1 231 11 13 30 233 227 150 188 218 222 1 >  - distancia: 2236.78 - carga: 192
Rota 4 : < 1 115 24 19 270 247 48 89 143 141 192 238 180 50 171 93 197 91 144 66 1 >  - distancia: 4231.03 - carga: 185
Rota 5 : < 1 20 32 148 21 152 200 181 1 >  - distancia: 1268.84 - carga: 192
Rota 6 : < 1 199 15 176 22 166 113 162 221 106 123 131 237 69 265 1 >  - distancia: 1980.4 - carga: 192
Rota 7 : < 1 117 3 14 209 63 239 1 >  - distancia: 2501.52 - carga: 190
Rota 8 : < 1 35 142 262 128 76 36 153 256 125 82 208 108 205 213 124 230 212 92 47 111 86 260 173 100 126 57 206 84 203 149 1 >  - distancia: 4014.4 - carga: 191
Rota 9 : < 1 145 16 98 55 157 137 201 129 70 264 195 159 174 155 224 263 154 1 >  - distancia: 2059.24 - carga: 191
Rota 10 : < 1 52 61 109 211 217 277 241 104 164 62 190 243 95 198 215 242 136 204 165 31 258 46 101 53 175 207 216 214 229 266 194 1 >  - distancia: 3430.92 - carga: 191
Rota 11 : < 1 122 9 6 182 79 87 114 85 253 246 1 >  - distancia: 2725.1 - carga: 192
Rota 12 : < 1 45 163 110 132 276 167 78 240 112 274 133 267 161 183 67 269 158 261 44 71 42 248 254 96 189 234 43 151 272 130 273 94 99 33 268 127 1 >  - distancia: 4122.28 - carga: 192
Rota 13 : < 1 252 8 172 140 223 257 88 278 56 146 49 236 120 34 73 51 279 202 77 26 134 250 160 156 259 219 90 27 193 138 187 275 118 40 1 >  - distancia: 6275.39 - carga: 173
Rota 14 : < 1 54 18 5 177 81 244 255 1 >  - distancia: 1496.79 - carga: 192
Rota 15 : < 1 102 17 186 12 179 232 210 1 >  - distancia: 1861.45 - carga: 192
Rota 16 : < 1 184 38 121 2 25 191 185 83 1 >  - distancia: 3053.29 - carga: 192
total - 50078.8
optimal_value: 33503
% acima: 49.4756%
Demorou  0 ms para ler o arquivo de entrada.
Rota 0 : < 1 187 36 153 163 110 132 167 240 112 44 78 269 161 176 242 198 266 224 243 109 199 67 158 261 102 45 57 184 262 126 1 >  - distancia: 4324.72 - carga: 192
Rota 1 : < 1 267 15 21 134 201 32 159 98 145 1 >  - distancia: 1958.19 - carga: 191
Rota 2 : < 1 276 10 3 107 105 49 1 >  - distancia: 2559.69 - carga: 192
Rota 3 : < 1 37 7 19 270 130 28 168 94 206 139 133 249 122 50 40 118 275 138 193 1 >  - distancia: 4409.47 - carga: 192
Rota 4 : < 1 4 6 182 196 116 1 >  - distancia: 2158.11 - carga: 192
Rota 5 : < 1 215 22 11 81 177 54 244 152 229 84 203 200 259 1 >  - distancia: 2037.89 - carga: 192
Rota 6 : < 1 253 18 30 13 233 207 214 216 255 219 1 >  - distancia: 1750.4 - carga: 192
Rota 7 : < 1 75 166 123 131 179 221 106 237 174 232 69 33 99 136 165 31 53 171 251 39 204 231 129 70 156 157 55 160 263 154 181 90 265 62 127 268 194 1 >  - distancia: 4744.48 - carga: 184
Rota 8 : < 1 35 100 38 121 76 42 71 234 248 254 68 58 29 117 278 88 223 209 63 48 64 115 235 146 80 34 280 60 51 73 120 135 72 56 147 189 96 43 1 >  - distancia: 5147.86 - carga: 192
Rota 9 : < 1 257 23 2 185 247 1 >  - distancia: 2848.14 - carga: 192
Rota 10 : < 1 250 16 20 137 264 148 195 1 >  - distancia: 950.034 - carga: 192
Rota 11 : < 1 93 227 188 175 218 101 46 258 271 119 226 225 236 59 74 220 41 65 170 169 228 202 79 245 103 77 246 279 222 66 144 26 91 197 1 >  - distancia: 4469.52 - carga: 192
Rota 12 : < 1 113 17 186 213 125 256 205 108 208 86 173 260 111 212 92 47 124 230 27 155 1 >  - distancia: 2686.14 - carga: 188
Rota 13 : < 1 85 5 9 150 114 87 1 >  - distancia: 1753.53 - carga: 192
Rota 14 : < 1 82 12 162 210 241 104 164 190 61 149 52 277 211 217 95 183 97 274 1 >  - distancia: 2723.22 - carga: 192
Rota 15 : < 1 239 14 24 272 151 273 128 142 1 >  - distancia: 2777.84 - carga: 192
Rota 16 : < 1 180 8 172 252 140 25 191 89 143 141 83 178 238 192 1 >  - distancia: 3880.75 - carga: 174
total - 51180
optimal_value: 33503
% acima: 52.7624%
Demorou  0 ms para ler o arquivo de entrada.
Rota 0 : < 1 28 7 19 270 130 185 140 146 49 1 >  - distancia: 3040.35 - carga: 192
Rota 1 : < 1 263 22 17 205 82 108 125 256 186 213 124 230 27 155 1 >  - distancia: 2218.29 - carga: 192
Rota 2 : < 1 245 13 85 9 227 150 253 246 91 259 1 >  - distancia: 2397.2 - carga: 192
Rota 3 : < 1 11 21 152 244 84 229 200 160 1 >  - distancia: 1443.7 - carga: 192
Rota 4 : < 1 188 5 18 30 233 207 219 1 >  - distancia: 1462.96 - carga: 192
Rota 5 : < 1 38 121 128 184 37 248 234 71 167 78 240 139 136 258 46 101 218 114 79 116 103 77 87 26 231 171 122 1 >  - distancia: 4222.31 - carga: 176
Rota 6 : < 1 58 23 14 88 257 278 135 1 >  - distancia: 2307.43 - carga: 192
Rota 7 : < 1 274 112 44 133 97 39 64 29 68 147 254 105 225 80 120 51 59 34 74 41 65 220 228 170 202 279 60 236 280 178 180 143 141 192 151 273 168 189 249 115 72 50 73 222 66 144 1 >  - distancia: 6269.5 - carga: 192
Rota 8 : < 1 4 6 196 182 169 1 >  - distancia: 2165.37 - carga: 192
Rota 9 : < 1 267 16 98 241 104 164 109 149 52 190 61 224 211 217 95 179 33 268 243 90 265 62 1 >  - distancia: 2980.32 - carga: 192
Rota 10 : < 1 92 111 12 162 131 237 106 123 113 221 174 210 232 69 1 >  - distancia: 2341.17 - carga: 192
Rota 11 : < 1 110 163 132 276 269 158 261 166 99 75 153 142 76 36 173 47 208 86 212 100 126 42 118 206 57 45 102 277 127 194 262 35 187 260 193 138 275 43 1 >  - distancia: 6456.81 - carga: 179
Rota 12 : < 1 40 10 24 272 247 191 83 48 1 >  - distancia: 2699.13 - carga: 190
Rota 13 : < 1 32 20 201 137 55 157 145 159 264 129 70 148 195 156 134 216 214 255 203 250 181 154 1 >  - distancia: 2346.04 - carga: 192
Rota 14 : < 1 176 15 198 215 266 199 161 183 67 242 251 177 81 175 53 31 165 204 54 197 93 1 >  - distancia: 2552.07 - carga: 192
Rota 15 : < 1 172 2 25 89 252 223 239 209 63 96 94 1 >  - distancia: 3201.21 - carga: 192
Rota 16 : < 1 238 8 3 107 117 56 226 119 271 235 1 >  - distancia: 2726.8 - carga: 192
total - 50830.7
optimal_value: 33503
% acima: 51.7197%
Demorou  0 ms para ler o arquivo de entrada.
Rota 0 : < 1 60 8 25 191 185 83 247 209 252 140 223 107 172 143 141 1 >  - distancia: 3917.92 - carga: 192
Rota 1 : < 1 7 19 270 130 192 43 40 118 275 138 1 >  - distancia: 3204.94 - carga: 170
Rota 2 : < 1 116 6 4 245 77 26 144 66 1 >  - distancia: 2641.88 - carga: 192
Rota 3 : < 1 237 17 186 213 124 230 205 108 82 208 86 173 92 212 47 111 125 45 102 261 133 33 127 194 122 1 >  - distancia: 3810.44 - carga: 192
Rota 4 : < 1 276 23 58 64 68 257 278 56 135 72 50 254 96 189 147 249 115 139 39 215 70 156 195 134 214 91 222 1 >  - distancia: 4851.74 - carga: 192
Rota 5 : < 1 219 13 21 152 244 200 259 1 >  - distancia: 1628.79 - carga: 192
Rota 6 : < 1 29 10 24 272 151 273 28 168 94 239 48 63 238 1 >  - distancia: 3344.54 - carga: 192
Rota 7 : < 1 49 14 88 117 226 105 146 178 180 59 280 65 51 73 120 218 53 171 101 202 246 216 255 1 >  - distancia: 3952.64 - carga: 190
Rota 8 : < 1 210 174 12 162 113 123 106 221 131 179 232 69 90 217 211 1 >  - distancia: 1654.2 - carga: 192
Rota 9 : < 1 274 112 15 176 198 161 183 67 97 267 167 240 44 199 266 242 229 84 203 250 61 1 >  - distancia: 2542.56 - carga: 192
Rota 10 : < 1 177 5 227 188 175 150 233 207 30 81 54 231 204 251 1 >  - distancia: 1985.67 - carga: 192
Rota 11 : < 1 268 20 55 160 201 129 264 137 148 32 159 98 145 157 154 263 181 149 224 243 95 75 99 1 >  - distancia: 2982 - carga: 192
Rota 12 : < 1 265 22 16 241 104 164 109 277 190 62 52 1 >  - distancia: 1490.52 - carga: 192
Rota 13 : < 1 18 9 11 197 93 1 >  - distancia: 1619.08 - carga: 192
Rota 14 : < 1 38 121 184 128 36 153 256 110 166 163 269 158 78 71 234 248 37 142 100 126 132 42 206 57 76 262 35 187 260 193 27 155 1 >  - distancia: 4433.55 - carga: 185
Rota 15 : < 1 34 3 2 89 1 >  - distancia: 2885.99 - carga: 192
Rota 16 : < 1 236 225 119 271 235 80 258 136 31 165 46 169 228 114 253 87 79 182 103 85 196 170 220 41 74 279 1 >  - distancia: 4374.2 - carga: 192
total - 51320.7
optimal_value: 33503
% acima: 53.1823%
Demorou  0 ms para ler o arquivo de entrada.
Rota 0 : < 1 2 25 191 83 185 89 143 141 192 238 180 49 1 >  - distancia: 3200.02 - carga: 191
Rota 1 : < 1 44 23 10 71 206 276 132 127 1 >  - distancia: 2100.46 - carga: 192
Rota 2 : < 1 172 8 252 140 223 239 209 63 105 146 178 74 59 60 41 34 73 65 116 103 202 245 79 144 1 >  - distancia: 4522.1 - carga: 184
Rota 3 : < 1 267 112 274 133 167 78 240 64 115 58 189 147 29 248 184 42 57 82 124 230 213 212 92 86 47 100 126 262 187 37 151 273 272 94 168 28 275 1 >  - distancia: 5057.29 - carga: 187
Rota 4 : < 1 85 4 6 182 196 66 93 1 >  - distancia: 2211.96 - carga: 192
Rota 5 : < 1 253 150 3 107 257 117 56 226 119 271 135 235 225 80 236 120 51 1 >  - distancia: 3139.69 - carga: 192
Rota 6 : < 1 260 7 19 270 130 247 254 234 43 40 118 1 >  - distancia: 2952.39 - carga: 192
Rota 7 : < 1 222 9 227 188 175 101 218 169 228 170 220 46 258 165 31 204 251 136 39 139 1 >  - distancia: 3227.72 - carga: 192
Rota 8 : < 1 166 75 268 243 277 224 215 242 109 52 190 61 145 159 32 137 195 201 70 148 129 264 156 134 219 53 171 158 45 33 95 217 90 164 62 265 155 1 >  - distancia: 4999.74 - carga: 192
Rota 9 : < 1 69 22 17 186 113 106 237 221 131 123 256 163 110 138 1 >  - distancia: 2436.09 - carga: 192
Rota 10 : < 1 177 5 81 54 231 233 30 255 214 91 246 279 280 72 50 249 97 250 181 157 160 259 197 1 >  - distancia: 4153.8 - carga: 176
Rota 11 : < 1 48 24 14 88 68 278 96 122 1 >  - distancia: 2810.74 - carga: 192
Rota 12 : < 1 55 20 16 241 104 98 154 1 >  - distancia: 868.525 - carga: 192
Rota 13 : < 1 216 21 13 114 87 77 26 1 >  - distancia: 1753.05 - carga: 192
Rota 14 : < 1 99 12 162 179 174 210 232 125 208 205 173 111 27 194 1 >  - distancia: 2997.29 - carga: 192
Rota 15 : < 1 207 18 11 244 84 152 229 200 203 263 149 211 1 >  - distancia: 1639.08 - carga: 192
Rota 16 : < 1 15 198 176 266 199 161 183 67 269 261 102 153 128 76 38 121 36 142 35 108 193 1 >  - distancia: 2716.06 - carga: 191
total - 50786
optimal_value: 33503
% acima: 51.5864%
Demorou  0 ms para ler o arquivo de entrada.
Rota 0 : < 1 15 5 227 233 214 216 255 134 70 1 >  - distancia: 1574.53 - carga: 192
Rota 1 : < 1 26 13 9 150 253 114 87 85 246 93 91 1 >  - distancia: 2141.17 - carga: 192
Rota 2 : < 1 271 23 58 64 29 254 68 226 257 278 119 225 120 235 105 146 178 1 >  - distancia: 3434.07 - carga: 192
Rota 3 : < 1 159 16 20 32 148 264 1 >  - distancia: 719.669 - carga: 192
Rota 4 : < 1 219 21 11 244 229 200 84 152 1 >  - distancia: 1364.34 - carga: 192
Rota 5 : < 1 169 6 4 245 103 1 >  - distancia: 2082.71 - carga: 192
Rota 6 : < 1 251 242 22 90 109 277 164 190 98 241 145 201 137 195 129 203 263 181 250 52 149 61 104 62 157 154 156 1 >  - distancia: 3065.68 - carga: 192
Rota 7 : < 1 102 276 167 240 25 89 185 83 191 247 209 63 239 107 56 80 236 59 34 51 280 65 170 228 218 46 66 1 >  - distancia: 4189.26 - carga: 192
Rota 8 : < 1 212 111 92 47 82 208 256 205 108 193 113 162 174 179 210 232 221 123 99 106 69 237 124 230 27 155 265 259 1 >  - distancia: 3880.64 - carga: 171
Rota 9 : < 1 252 3 8 172 140 223 117 88 1 >  - distancia: 2966.4 - carga: 192
Rota 10 : < 1 125 12 17 213 186 131 1 >  - distancia: 1918.71 - carga: 192
Rota 11 : < 1 206 71 248 128 121 36 153 163 132 269 161 199 243 224 176 198 266 215 95 211 217 127 268 194 139 135 72 50 60 73 141 192 238 180 49 168 28 275 118 40 43 1 >  - distancia: 5977.34 - carga: 183
Rota 12 : < 1 160 55 18 207 30 81 177 175 53 188 136 204 31 258 220 41 74 279 222 1 >  - distancia: 2935.33 - carga: 192
Rota 13 : < 1 96 10 7 151 273 1 >  - distancia: 2668.93 - carga: 192
Rota 14 : < 1 173 86 260 100 38 184 42 78 112 133 97 44 267 274 183 67 158 166 33 75 110 45 261 165 196 202 182 116 144 79 77 101 171 54 231 197 39 1 >  - distancia: 5461.27 - carga: 192
Rota 15 : < 1 234 14 2 143 48 1 >  - distancia: 2686.13 - carga: 191
Rota 16 : < 1 270 24 19 130 272 94 37 76 262 142 35 187 126 138 57 189 147 249 115 122 1 >  - distancia: 3426.66 - carga: 192
total - 50492.9
optimal_value: 33503
% acima: 50.7114%
Demorou  0 ms para ler o arquivo de entrada.
Rota 0 : < 1 190 15 198 176 266 215 161 183 67 267 97 242 251 204 53 54 231 197 258 271 135 119 80 34 171 1 >  - distancia: 3158.99 - carga: 192
Rota 1 : < 1 226 8 2 89 143 141 172 223 239 1 >  - distancia: 2958.89 - carga: 192
Rota 2 : < 1 99 166 123 179 131 106 162 113 221 237 174 210 232 69 33 75 64 115 257 278 146 105 178 49 280 228 246 77 26 70 156 157 160 259 1 >  - distancia: 4457.34 - carga: 182
Rota 3 : < 1 11 244 84 200 229 152 134 129 137 195 55 201 264 32 148 159 145 250 52 265 1 >  - distancia: 2397.15 - carga: 192
Rota 4 : < 1 233 5 227 188 175 218 101 165 46 220 74 41 65 59 60 51 73 1 >  - distancia: 2656.72 - carga: 192
Rota 5 : < 1 269 158 261 276 167 240 112 274 133 78 71 58 189 234 248 38 121 184 76 128 142 100 36 42 37 153 132 45 102 1 >  - distancia: 3578.43 - carga: 192
Rota 6 : < 1 13 18 30 207 177 136 31 39 139 1 >  - distancia: 2101.92 - carga: 192
Rota 7 : < 1 230 12 22 90 109 211 224 243 95 127 268 155 1 >  - distancia: 2238.19 - carga: 191
Rota 8 : < 1 68 7 23 29 122 1 >  - distancia: 2541.2 - carga: 192
Rota 9 : < 1 186 17 125 205 82 108 208 86 173 111 47 212 92 124 213 27 260 193 275 1 >  - distancia: 3517.27 - carga: 177
Rota 10 : < 1 163 110 256 24 25 191 83 247 185 48 1 >  - distancia: 2976.18 - carga: 191
Rota 11 : < 1 63 14 3 252 140 1 >  - distancia: 2639.98 - carga: 192
Rota 12 : < 1 169 4 6 245 103 1 >  - distancia: 2184.25 - carga: 192
Rota 13 : < 1 20 16 241 104 277 61 149 181 1 >  - distancia: 1000.72 - carga: 192
Rota 14 : < 1 154 21 216 214 255 219 203 98 263 164 62 217 44 147 209 272 94 168 28 273 262 35 187 126 138 57 206 118 40 43 249 107 238 192 180 50 222 66 93 91 1 >  - distancia: 6076.86 - carga: 188
Rota 15 : < 1 81 9 150 253 87 114 85 196 182 79 116 144 202 170 279 225 236 120 235 72 1 >  - distancia: 3039.22 - carga: 192
Rota 16 : < 1 194 199 10 19 270 130 151 254 96 88 117 56 1 >  - distancia: 2821.17 - carga: 192
total - 50344.5
optimal_value: 33503
% acima: 50.2686%
Demorou  0 ms para ler o arquivo de entrada.
Rota 0 : < 1 102 10 71 42 248 38 121 36 153 163 132 276 167 78 139 1 >  - distancia: 2542.66 - carga: 192
Rota 1 : < 1 46 165 136 112 67 267 242 251 31 204 177 197 175 53 101 218 169 196 103 79 182 202 279 222 120 40 118 275 138 193 1 >  - distancia: 4871.02 - carga: 167
Rota 2 : < 1 30 13 9 150 253 87 114 246 93 1 >  - distancia: 1769.02 - carga: 192
Rota 3 : < 1 149 20 16 241 104 98 157 160 1 >  - distancia: 1174.97 - carga: 192
Rota 4 : < 1 60 280 225 236 51 34 59 73 88 240 44 133 274 97 128 76 184 142 100 126 86 173 111 92 212 47 260 37 168 262 35 187 57 206 261 39 54 171 115 249 122 268 27 155 154 259 91 1 >  - distancia: 7547.67 - carga: 186
Rota 5 : < 1 234 7 19 270 272 151 273 28 254 94 43 1 >  - distancia: 2851.39 - carga: 192
Rota 6 : < 1 188 5 18 233 207 81 231 1 >  - distancia: 1549.72 - carga: 192
Rota 7 : < 1 48 2 8 252 185 247 209 239 140 238 192 1 >  - distancia: 3408.33 - carga: 192
Rota 8 : < 1 106 131 12 162 123 113 166 75 269 158 161 183 176 1 >  - distancia: 1950.74 - carga: 192
Rota 9 : < 1 83 14 25 191 89 143 141 172 223 107 56 50 1 >  - distancia: 3202.22 - carga: 192
Rota 10 : < 1 66 6 4 245 116 144 77 26 1 >  - distancia: 2093.88 - carga: 192
Rota 11 : < 1 227 11 21 152 134 129 70 156 1 >  - distancia: 1604.43 - carga: 192
Rota 12 : < 1 224 15 198 22 179 174 210 232 221 237 69 199 215 266 1 >  - distancia: 1991.47 - carga: 192
Rota 13 : < 1 230 124 17 205 208 125 108 82 186 213 256 110 45 99 33 243 95 277 190 164 62 52 250 263 194 1 >  - distancia: 3175.21 - carga: 192
Rota 14 : < 1 258 3 257 278 68 117 226 271 119 235 80 146 105 178 49 180 135 72 1 >  - distancia: 3263.69 - carga: 192
Rota 15 : < 1 41 74 220 65 170 228 85 244 200 109 229 203 181 84 255 216 219 214 201 137 264 32 195 55 148 159 145 61 217 211 90 265 127 1 >  - distancia: 4936.28 - carga: 192
Rota 16 : < 1 130 24 23 64 58 29 189 147 96 63 1 >  - distancia: 3110.33 - carga: 192
total - 51043
optimal_value: 33503
% acima: 52.3536%
Demorou  0 ms para ler o arquivo de entrada.
Rota 0 : < 1 163 10 58 234 248 42 36 38 128 121 142 262 100 153 132 155 1 >  - distancia: 2895.08 - carga: 192
Rota 1 : < 1 83 2 25 191 247 209 254 29 147 249 1 >  - distancia: 2823.16 - carga: 192
Rota 2 : < 1 203 21 9 227 188 175 53 1 >  - distancia: 1717.21 - carga: 192
Rota 3 : < 1 140 3 14 88 96 1 >  - distancia: 2534.85 - carga: 191
Rota 4 : < 1 148 16 104 241 266 67 39 101 65 80 120 73 178 107 189 94 168 28 275 118 40 43 122 66 1 >  - distancia: 4344.96 - carga: 176
Rota 5 : < 1 34 51 8 172 252 223 239 185 89 143 141 192 226 278 257 56 146 105 225 236 59 60 280 41 1 >  - distancia: 4015.62 - carga: 192
Rota 6 : < 1 220 6 4 245 79 144 1 >  - distancia: 2319.85 - carga: 192
Rota 7 : < 1 198 15 18 11 255 1 >  - distancia: 1514.46 - carga: 192
Rota 8 : < 1 244 5 13 85 253 26 1 >  - distancia: 1710.39 - carga: 192
Rota 9 : < 1 195 137 20 32 159 264 70 201 129 156 134 216 214 116 196 182 202 170 74 1 >  - distancia: 3013.01 - carga: 192
Rota 10 : < 1 268 17 186 125 256 205 82 108 193 208 86 260 47 212 111 92 213 124 230 27 33 45 102 261 127 194 1 >  - distancia: 3269.7 - carga: 192
Rota 11 : < 1 164 12 162 179 237 131 113 123 221 106 174 210 232 69 265 1 >  - distancia: 1756.56 - carga: 192
Rota 12 : < 1 166 22 90 277 190 62 109 224 215 243 199 176 242 251 136 165 31 204 54 231 207 87 1 >  - distancia: 3015.54 - carga: 192
Rota 13 : < 1 55 145 98 52 250 181 263 149 161 269 112 267 274 97 167 44 133 158 78 276 71 206 57 110 99 75 183 95 217 211 61 157 160 154 103 77 279 222 171 93 219 91 259 1 >  - distancia: 5307.52 - carga: 191
Rota 14 : < 1 135 23 24 272 151 273 37 184 76 35 187 126 138 1 >  - distancia: 2780.85 - carga: 188
Rota 15 : < 1 173 7 19 270 130 48 63 72 50 49 180 238 1 >  - distancia: 3638.32 - carga: 183
Rota 16 : < 1 200 84 152 229 81 233 177 197 30 114 246 150 169 228 218 46 258 235 119 117 68 271 64 240 139 115 1 >  - distancia: 3518.62 - carga: 192
total - 50175.7
optimal_value: 33503
% acima: 49.7648%
Demorou  0 ms para ler o arquivo de entrada.
Rota 0 : < 1 110 163 276 167 78 240 112 267 274 97 183 44 64 58 248 71 42 234 37 184 125 208 86 47 212 124 173 260 230 1 >  - distancia: 4462.18 - carga: 192
Rota 1 : < 1 189 23 14 88 257 68 147 249 1 >  - distancia: 2393.16 - carga: 192
Rota 2 : < 1 225 119 105 146 226 271 235 80 236 120 59 74 65 46 31 165 136 53 233 216 255 214 244 134 250 61 149 277 190 62 265 1 >  - distancia: 4105.07 - carga: 192
Rota 3 : < 1 229 11 5 188 227 177 54 197 93 1 >  - distancia: 1639.61 - carga: 192
Rota 4 : < 1 243 22 12 162 174 232 210 1 >  - distancia: 1534.19 - carga: 192
Rota 5 : < 1 204 18 13 85 87 103 77 246 231 219 181 195 1 >  - distancia: 2321.26 - carga: 187
Rota 6 : < 1 92 111 7 168 38 142 121 128 76 153 36 100 108 193 35 1 >  - distancia: 3443.46 - carga: 192
Rota 7 : < 1 126 17 186 113 123 179 106 131 221 237 69 166 269 132 158 256 213 205 82 27 1 >  - distancia: 3361.84 - carga: 192
Rota 8 : < 1 95 15 198 21 152 84 200 203 263 194 1 >  - distancia: 2102.74 - carga: 192
Rota 9 : < 1 245 6 4 182 66 279 222 171 122 91 1 >  - distancia: 2980.84 - carga: 192
Rota 10 : < 1 278 117 3 140 252 172 223 107 29 258 220 41 51 280 60 34 73 178 49 180 50 144 26 1 >  - distancia: 4363.06 - carga: 192
Rota 11 : < 1 127 16 104 241 164 109 224 266 161 67 199 215 176 242 251 39 1 >  - distancia: 2479.4 - carga: 192
Rota 12 : < 1 133 10 24 272 270 130 151 254 96 43 1 >  - distancia: 2667.83 - carga: 192
Rota 13 : < 1 32 20 264 148 137 55 160 145 98 201 129 156 70 259 159 157 154 52 211 90 217 75 99 33 155 1 >  - distancia: 2678.12 - carga: 192
Rota 14 : < 1 8 2 143 89 141 192 238 1 >  - distancia: 2950.52 - carga: 166
Rota 15 : < 1 116 79 9 150 253 114 196 202 169 228 170 218 101 175 30 207 81 1 >  - distancia: 2649.35 - carga: 192
Rota 16 : < 1 94 19 25 191 247 185 83 48 209 63 239 56 72 135 115 139 206 57 45 102 261 268 262 187 138 28 273 275 118 40 1 >  - distancia: 4947.52 - carga: 192
total - 51080.2
optimal_value: 33503
% acima: 52.4645%
Demorou  0 ms para ler o arquivo de entrada.
Rota 0 : < 1 50 10 71 167 78 240 112 267 274 44 158 261 166 75 268 123 179 232 69 237 259 1 >  - distancia: 3136.21 - carga: 192
Rota 1 : < 1 70 21 11 244 229 84 152 1 >  - distancia: 1110.65 - carga: 192
Rota 2 : < 1 278 23 58 29 147 68 117 257 119 226 105 146 178 107 239 63 56 72 135 39 97 133 139 122 219 1 >  - distancia: 3723.44 - carga: 192
Rota 3 : < 1 245 116 6 182 196 79 103 87 30 233 177 207 255 214 81 54 231 1 >  - distancia: 2855.17 - carga: 192
Rota 4 : < 1 151 3 8 252 140 223 172 141 192 238 180 49 222 66 144 91 1 >  - distancia: 3877.5 - carga: 192
Rota 5 : < 1 24 7 37 184 275 1 >  - distancia: 2424.27 - carga: 191
Rota 6 : < 1 155 174 22 15 176 198 215 199 194 243 95 109 224 211 161 127 1 >  - distancia: 2167.57 - carga: 192
Rota 7 : < 1 19 14 209 185 247 254 189 234 43 206 57 45 197 93 1 >  - distancia: 3495.75 - carga: 192
Rota 8 : < 1 2 25 89 143 191 83 48 270 130 272 94 168 40 1 >  - distancia: 3142.06 - carga: 192
Rota 9 : < 1 173 92 212 47 82 108 86 208 193 113 221 106 131 162 213 124 230 210 241 98 32 159 104 164 277 217 190 52 61 181 1 >  - distancia: 3650.97 - carga: 192
Rota 10 : < 1 88 96 235 80 236 51 59 60 74 41 65 34 280 120 73 279 202 246 216 134 129 264 148 145 203 149 90 62 33 111 260 262 35 187 138 28 273 1 >  - distancia: 6655.69 - carga: 162
Rota 11 : < 1 99 12 17 125 186 205 27 1 >  - distancia: 2043.14 - carga: 192
Rota 12 : < 1 102 276 132 163 110 256 153 121 76 36 248 38 128 42 118 142 100 126 269 136 204 266 183 242 200 263 250 154 156 1 >  - distancia: 3833.44 - carga: 192
Rota 13 : < 1 77 4 9 227 150 114 26 1 >  - distancia: 2285.76 - carga: 192
Rota 14 : < 1 225 13 85 253 169 170 228 220 258 165 46 271 64 249 115 31 251 67 1 >  - distancia: 3911.81 - carga: 192
Rota 15 : < 1 265 16 20 195 137 201 55 160 157 1 >  - distancia: 1169.63 - carga: 192
Rota 16 : < 1 218 101 18 5 188 175 53 171 1 >  - distancia: 1972.02 - carga: 192
total - 51455.1
optimal_value: 33503
% acima: 53.5835%
Demorou  0 ms para ler o arquivo de entrada.
Rota 0 : < 1 139 23 29 147 25 191 89 143 141 192 178 49 180 238 130 94 249 39 122 93 222 1 >  - distancia: 4523.17 - carga: 190
Rota 1 : < 1 208 17 12 162 210 232 69 265 1 >  - distancia: 1867.82 - carga: 192
Rota 2 : < 1 266 215 176 199 194 161 183 67 267 274 112 97 133 44 64 46 218 188 196 116 182 103 79 169 170 228 220 236 34 73 120 56 50 1 >  - distancia: 3996.6 - carga: 192
Rota 3 : < 1 132 276 153 38 121 142 35 262 128 184 37 248 42 71 234 43 58 189 257 117 271 135 235 119 80 146 225 51 41 1 >  - distancia: 3731.25 - carga: 192
Rota 4 : < 1 137 20 264 148 32 201 129 70 156 216 214 54 197 231 255 219 53 171 65 279 246 77 91 181 154 1 >  - distancia: 3511.45 - carga: 184
Rota 5 : < 1 61 22 15 198 109 277 190 164 174 179 106 237 221 99 75 268 127 155 1 >  - distancia: 2431.12 - carga: 192
Rota 6 : < 1 240 10 19 270 247 209 254 96 68 226 1 >  - distancia: 2788.39 - carga: 192
Rota 7 : < 1 177 11 18 30 207 233 81 244 229 134 1 >  - distancia: 1550.01 - carga: 192
Rota 8 : < 1 85 13 21 152 84 259 1 >  - distancia: 1537.93 - carga: 192
Rota 9 : < 1 165 31 136 204 242 251 175 101 258 74 59 60 280 105 223 107 239 63 173 86 260 47 100 126 76 57 206 243 33 27 230 193 138 187 118 40 1 >  - distancia: 6225.49 - carga: 172
Rota 10 : < 1 275 24 7 151 273 28 168 1 >  - distancia: 2632.77 - carga: 192
Rota 11 : < 1 2 14 88 278 72 1 >  - distancia: 2669.98 - carga: 192
Rota 12 : < 1 115 3 8 172 140 252 185 83 48 272 1 >  - distancia: 2900.17 - carga: 191
Rota 13 : < 1 195 16 241 104 98 145 159 55 160 157 250 263 200 203 224 95 217 211 149 52 62 90 1 >  - distancia: 2051.25 - carga: 192
Rota 14 : < 1 110 163 256 125 205 82 213 124 186 123 113 131 166 269 78 167 158 261 102 45 36 108 92 212 111 1 >  - distancia: 3665.93 - carga: 192
Rota 15 : < 1 150 4 245 6 202 66 144 1 >  - distancia: 2426.89 - carga: 192
Rota 16 : < 1 227 5 9 253 114 87 26 1 >  - distancia: 1624.27 - carga: 192
total - 50134.5
optimal_value: 33503
% acima: 49.6418%
Demorou  0 ms para ler o arquivo de entrada.
Rota 0 : < 1 87 11 21 216 152 229 200 203 1 >  - distancia: 1919.17 - carga: 192
Rota 1 : < 1 269 158 276 163 132 256 125 82 205 208 108 173 86 92 111 47 212 213 124 230 110 102 261 57 76 275 168 272 94 273 28 1 >  - distancia: 4461.85 - carga: 184
Rota 2 : < 1 204 136 31 165 46 258 235 119 105 278 271 226 56 225 120 59 74 41 51 80 236 34 60 280 73 135 72 50 115 249 139 122 127 194 27 260 193 138 118 40 43 222 1 >  - distancia: 6116.51 - carga: 185
Rota 3 : < 1 18 5 227 150 253 114 1 >  - distancia: 1549.79 - carga: 192
Rota 4 : < 1 25 2 185 191 83 247 89 141 192 238 180 1 >  - distancia: 3299.11 - carga: 192
Rota 5 : < 1 113 12 162 179 210 232 174 69 237 33 90 265 250 154 149 54 214 91 77 26 144 66 1 >  - distancia: 3877.25 - carga: 192
Rota 6 : < 1 128 38 142 121 184 37 248 234 29 58 189 147 167 112 267 67 78 240 44 183 97 39 274 133 153 36 42 206 100 126 262 35 187 1 >  - distancia: 4522.45 - carga: 192
Rota 7 : < 1 279 4 6 170 228 202 246 53 93 1 >  - distancia: 2461.23 - carga: 192
Rota 8 : < 1 85 9 13 30 207 233 177 231 197 171 1 >  - distancia: 1969.52 - carga: 192
Rota 9 : < 1 221 106 131 22 17 186 123 166 99 75 268 243 95 263 181 61 52 1 >  - distancia: 2255.32 - carga: 192
Rota 10 : < 1 146 3 8 172 252 140 223 117 1 >  - distancia: 2712.04 - carga: 192
Rota 11 : < 1 196 182 245 116 103 79 169 218 101 175 188 81 244 255 219 84 134 70 264 129 156 137 195 159 155 1 >  - distancia: 3640.41 - carga: 176
Rota 12 : < 1 45 7 10 71 1 >  - distancia: 2243.72 - carga: 192
Rota 13 : < 1 104 16 20 32 55 145 157 160 1 >  - distancia: 977.291 - carga: 192
Rota 14 : < 1 65 220 23 64 19 270 130 151 254 96 209 63 48 239 107 178 49 1 >  - distancia: 3711.77 - carga: 192
Rota 15 : < 1 143 24 14 88 68 257 1 >  - distancia: 2906.1 - carga: 192
Rota 16 : < 1 251 242 15 176 161 199 266 198 215 224 109 211 217 277 241 164 62 190 98 201 148 259 1 >  - distancia: 2289.25 - carga: 192
total - 50912.8
optimal_value: 33503
% acima: 51.9648%
Demorou  0 ms para ler o arquivo de entrada.
Rota 0 : < 1 67 22 109 224 243 211 277 164 62 190 52 149 263 129 264 201 137 145 55 148 32 98 157 160 1 >  - distancia: 2583.92 - carga: 192
Rota 1 : < 1 237 17 205 82 108 208 86 173 111 92 212 47 260 35 187 138 147 249 115 72 50 51 280 143 141 192 83 239 63 94 43 40 275 1 >  - distancia: 4980.45 - carga: 192
Rota 2 : < 1 195 20 16 241 104 159 259 1 >  - distancia: 938.812 - carga: 186
Rota 3 : < 1 118 10 58 19 270 130 151 273 28 168 100 126 262 76 57 102 261 97 139 1 >  - distancia: 3549.58 - carga: 192
Rota 4 : < 1 30 18 9 150 253 85 114 169 228 222 1 >  - distancia: 1961.18 - carga: 192
Rota 5 : < 1 189 23 8 252 185 172 140 226 225 73 1 >  - distancia: 3119.94 - carga: 192
Rota 6 : < 1 244 11 5 227 233 81 54 231 1 >  - distancia: 1457.82 - carga: 192
Rota 7 : < 1 248 7 24 272 238 1 >  - distancia: 2723.29 - carga: 192
Rota 8 : < 1 110 256 163 153 36 142 121 38 37 184 128 42 276 78 167 240 44 133 161 95 199 194 242 251 136 165 171 93 1 >  - distancia: 3380.05 - carga: 192
Rota 9 : < 1 207 13 4 245 103 1 >  - distancia: 2051.31 - carga: 192
Rota 10 : < 1 125 12 162 179 210 174 232 69 33 213 124 230 27 75 127 217 90 265 268 155 1 >  - distancia: 3126.32 - carga: 192
Rota 11 : < 1 200 21 152 229 84 203 181 250 154 61 70 156 134 255 216 219 197 122 49 193 1 >  - distancia: 4413.18 - carga: 173
Rota 12 : < 1 180 3 25 191 247 209 254 96 88 278 56 1 >  - distancia: 3094.59 - carga: 192
Rota 13 : < 1 223 14 2 89 48 1 >  - distancia: 2817.33 - carga: 192
Rota 14 : < 1 106 221 113 186 131 123 166 99 269 158 132 45 183 267 274 39 46 65 41 236 120 146 80 258 220 279 79 116 144 87 77 26 66 1 >  - distancia: 4574.87 - carga: 186
Rota 15 : < 1 91 214 177 188 175 31 204 53 101 218 170 74 59 60 34 119 235 117 271 135 64 29 71 206 234 68 105 178 257 107 1 >  - distancia: 4638.04 - carga: 192
Rota 16 : < 1 112 15 266 215 176 198 6 182 196 202 246 1 >  - distancia: 2596.61 - carga: 192
total - 52007.3
optimal_value: 33503
% acima: 55.2317%
Demorou  0 ms para ler o arquivo de entrada.
Rota 0 : < 1 267 112 15 22 90 243 109 224 277 190 52 98 145 137 195 159 1 >  - distancia: 2005.47 - carga: 192
Rota 1 : < 1 115 23 10 167 78 240 139 133 1 >  - distancia: 2068.43 - carga: 191
Rota 2 : < 1 114 13 9 150 85 30 81 231 1 >  - distancia: 1812.21 - carga: 192
Rota 3 : < 1 253 18 5 227 188 175 171 1 >  - distancia: 1797.78 - carga: 192
Rota 4 : < 1 37 24 25 191 247 185 89 143 141 192 238 180 222 66 144 1 >  - distancia: 3620.51 - carga: 191
Rota 5 : < 1 76 14 8 172 140 223 107 226 278 56 135 72 1 >  - distancia: 3117.47 - carga: 192
Rota 6 : < 1 269 158 261 102 166 161 199 194 215 266 242 198 176 67 183 97 274 39 64 147 88 239 83 48 209 105 271 258 74 279 41 236 65 60 73 1 >  - distancia: 4686.61 - carga: 192
Rota 7 : < 1 179 17 213 186 125 205 82 208 86 173 92 212 47 111 124 230 27 201 32 1 >  - distancia: 2659.85 - carga: 192
Rota 8 : < 1 169 6 196 202 228 170 220 46 165 136 31 204 251 177 197 244 207 255 91 1 >  - distancia: 3117.3 - carga: 192
Rota 9 : < 1 44 11 21 152 229 84 200 203 1 >  - distancia: 1973.84 - carga: 191
Rota 10 : < 1 7 19 270 151 273 28 272 94 96 249 122 246 26 219 154 265 155 1 >  - distancia: 3999.55 - carga: 192
Rota 11 : < 1 59 51 34 225 80 235 117 257 68 58 29 189 254 234 248 71 121 128 142 38 184 100 262 35 187 126 138 260 193 1 >  - distancia: 3928.96 - carga: 165
Rota 12 : < 1 99 16 241 104 20 55 160 157 1 >  - distancia: 1598.2 - carga: 192
Rota 13 : < 1 130 2 3 252 1 >  - distancia: 2945 - carga: 192
Rota 14 : < 1 182 4 245 116 79 103 87 77 233 216 129 264 148 156 1 >  - distancia: 2448.32 - carga: 192
Rota 15 : < 1 108 12 162 131 221 113 123 106 237 174 232 210 69 33 268 1 >  - distancia: 2419.16 - carga: 192
Rota 16 : < 1 57 153 276 132 163 256 110 36 42 118 40 206 119 50 146 178 49 280 120 218 101 53 93 54 214 134 70 259 263 149 61 250 181 164 62 217 211 95 127 75 45 168 275 43 63 1 >  - distancia: 6693.17 - carga: 191
total - 50891.8
optimal_value: 33503
% acima: 51.9023%
Demorou  0 ms para ler o arquivo de entrada.
Rota 0 : < 1 166 75 269 158 132 153 276 167 240 112 274 161 199 194 183 267 97 133 78 71 206 29 189 147 96 128 57 76 86 126 184 275 35 187 138 118 40 27 230 193 1 >  - distancia: 5387.05 - carga: 192
Rota 1 : < 1 170 4 18 207 233 30 91 1 >  - distancia: 2208.13 - carga: 191
Rota 2 : < 1 22 16 241 104 98 148 32 195 160 1 >  - distancia: 1383.92 - carga: 192
Rota 3 : < 1 271 10 58 64 117 68 278 56 105 146 178 180 280 34 236 120 60 41 103 77 246 26 144 66 222 1 >  - distancia: 4495.86 - carga: 191
Rota 4 : < 1 55 20 137 13 114 253 85 87 1 >  - distancia: 1813.04 - carga: 192
Rota 5 : < 1 89 25 24 272 247 48 254 234 248 42 37 168 1 >  - distancia: 3315.14 - carga: 192
Rota 6 : < 1 116 6 182 245 79 196 202 169 188 101 218 228 220 74 279 65 59 51 73 49 1 >  - distancia: 3713.24 - carga: 192
Rota 7 : < 1 119 226 225 80 235 258 46 165 136 31 67 95 127 268 45 261 44 139 39 129 264 156 159 145 157 164 62 90 217 211 181 154 1 >  - distancia: 4351.24 - carga: 165
Rota 8 : < 1 47 111 92 212 173 260 208 205 124 113 174 232 106 210 179 69 123 221 163 99 237 33 277 52 190 61 250 201 70 259 1 >  - distancia: 3846.23 - carga: 192
Rota 9 : < 1 257 23 19 191 185 83 143 141 270 130 151 28 273 94 43 1 >  - distancia: 3526.04 - carga: 192
Rota 10 : < 1 266 15 198 176 21 216 255 214 134 219 197 1 >  - distancia: 2181.47 - carga: 191
Rota 11 : < 1 175 5 9 150 227 53 93 171 1 >  - distancia: 1807.07 - carga: 192
Rota 12 : < 1 243 11 152 84 229 200 244 81 54 231 177 204 251 242 215 224 263 203 109 149 155 1 >  - distancia: 2890.35 - carga: 192
Rota 13 : < 1 121 7 38 142 262 36 100 108 125 82 256 110 102 1 >  - distancia: 2942.85 - carga: 192
Rota 14 : < 1 265 12 162 17 213 186 131 1 >  - distancia: 1643.52 - carga: 192
Rota 15 : < 1 192 2 8 172 252 140 239 63 135 72 50 115 249 122 1 >  - distancia: 3278.82 - carga: 191
Rota 16 : < 1 209 14 3 107 223 88 238 1 >  - distancia: 2879.64 - carga: 192
total - 51663.6
optimal_value: 33503
% acima: 54.2059%
Demorou  0 ms para ler o arquivo de entrada.
Rota 0 : < 1 41 74 220 65 46 218 101 169 196 182 87 253 150 85 53 171 170 228 202 279 60 280 34 115 255 231 197 93 221 268 127 194 265 230 193 1 >  - distancia: 6712.47 - carga: 165
Rota 1 : < 1 27 17 22 243 199 224 266 198 215 161 176 67 269 261 102 1 >  - distancia: 2635.51 - carga: 192
Rota 2 : < 1 54 9 18 30 227 177 81 244 229 1 >  - distancia: 1560.83 - carga: 191
Rota 3 : < 1 39 15 12 162 174 210 232 155 1 >  - distancia: 2009.59 - carga: 192
Rota 4 : < 1 223 3 107 140 172 252 185 191 247 83 48 254 96 189 147 71 206 57 118 275 1 >  - distancia: 3561.14 - carga: 192
Rota 5 : < 1 233 207 13 21 152 154 1 >  - distancia: 1507.57 - carga: 192
Rota 6 : < 1 188 5 6 245 77 26 214 91 144 1 >  - distancia: 3005.75 - carga: 192
Rota 7 : < 1 20 32 195 264 137 55 201 129 70 156 277 164 62 52 61 149 250 190 217 211 95 75 99 106 90 1 >  - distancia: 2479.44 - carga: 192
Rota 8 : < 1 117 2 25 89 143 141 192 209 63 239 178 49 180 238 50 66 1 >  - distancia: 3878.88 - carga: 191
Rota 9 : < 1 219 11 4 116 79 103 114 246 222 1 >  - distancia: 2435.64 - carga: 192
Rota 10 : < 1 146 105 226 119 225 80 271 235 258 165 31 204 175 136 242 251 112 133 44 158 183 97 267 274 240 139 166 33 237 1 >  - distancia: 4017.74 - carga: 192
Rota 11 : < 1 45 132 163 153 36 121 38 184 128 142 262 100 108 205 213 124 113 179 123 186 125 208 173 86 260 1 >  - distancia: 3563.42 - carga: 192
Rota 12 : < 1 148 16 241 104 98 145 157 160 159 109 263 181 200 203 84 134 216 259 1 >  - distancia: 1890.82 - carga: 191
Rota 13 : < 1 167 78 10 19 151 273 28 37 168 42 76 35 126 138 187 94 1 >  - distancia: 3461.97 - carga: 191
Rota 14 : < 1 40 7 24 272 270 130 1 >  - distancia: 2492.92 - carga: 192
Rota 15 : < 1 8 14 88 257 68 278 56 135 72 236 120 59 51 73 1 >  - distancia: 3192.62 - carga: 192
Rota 16 : < 1 122 23 29 58 64 249 234 43 248 276 110 256 82 212 111 47 92 131 69 1 >  - distancia: 3142.12 - carga: 192
total - 51548.4
optimal_value: 33503
% acima: 53.8621%
Demorou  0 ms para ler o arquivo de entrada.
Rota 0 : < 1 93 18 5 227 188 169 170 66 144 1 >  - distancia: 2265.58 - carga: 192
Rota 1 : < 1 26 9 150 85 253 114 87 116 245 79 103 77 246 61 52 164 62 217 232 155 181 154 91 1 >  - distancia: 4079.14 - carga: 178
Rota 2 : < 1 243 95 199 161 183 112 267 136 204 242 251 31 165 258 271 64 68 88 278 146 105 178 257 56 135 72 147 240 139 274 122 1 >  - distancia: 3842.51 - carga: 192
Rota 3 : < 1 222 4 6 182 196 202 228 197 1 >  - distancia: 2290.24 - carga: 192
Rota 4 : < 1 104 16 22 90 277 190 241 98 145 157 1 >  - distancia: 1222.87 - carga: 191
Rota 5 : < 1 249 23 2 89 143 141 192 238 180 1 >  - distancia: 2883 - carga: 192
Rota 6 : < 1 65 220 74 41 59 60 280 34 80 236 51 73 279 67 158 102 261 45 108 205 82 212 47 111 86 100 126 42 118 40 206 44 133 97 39 115 189 50 49 138 187 1 >  - distancia: 6454.97 - carga: 176
Rota 7 : < 1 256 163 110 276 153 132 269 167 78 58 29 254 234 71 128 76 184 38 248 121 142 262 35 173 92 260 193 1 >  - distancia: 3859.5 - carga: 192
Rota 8 : < 1 174 12 17 186 213 124 230 1 >  - distancia: 1647.31 - carga: 192
Rota 9 : < 1 109 20 55 15 176 198 215 266 224 211 149 250 263 1 >  - distancia: 1867.62 - carga: 192
Rota 10 : < 1 209 25 3 117 226 119 235 225 120 1 >  - distancia: 2960.75 - carga: 192
Rota 11 : < 1 13 30 177 81 54 231 233 216 255 214 175 53 218 46 101 171 166 75 268 127 33 194 1 >  - distancia: 3401.19 - carga: 192
Rota 12 : < 1 107 14 24 272 270 130 151 273 28 168 94 43 1 >  - distancia: 2886.71 - carga: 192
Rota 13 : < 1 207 11 244 84 229 200 203 129 201 264 32 159 148 137 195 160 156 179 237 69 265 1 >  - distancia: 2812.36 - carga: 192
Rota 14 : < 1 219 21 152 134 70 259 210 113 123 131 221 106 162 27 125 208 99 1 >  - distancia: 2928.73 - carga: 192
Rota 15 : < 1 57 10 7 37 275 1 >  - distancia: 2362.61 - carga: 192
Rota 16 : < 1 36 19 8 172 140 223 252 185 191 247 48 83 239 63 96 1 >  - distancia: 3452.27 - carga: 192
total - 51217.4
optimal_value: 33503
% acima: 52.874%
Demorou  0 ms para ler o arquivo de entrada.
Rota 0 : < 1 148 20 16 241 104 164 62 1 >  - distancia: 836.571 - carga: 192
Rota 1 : < 1 132 163 110 276 269 158 167 240 78 112 274 267 97 133 44 71 42 118 128 142 262 35 187 76 57 45 99 33 268 127 90 265 92 212 111 260 126 138 102 261 27 1 >  - distancia: 5005.82 - carga: 192
Rota 2 : < 1 206 10 8 172 252 185 191 83 89 130 1 >  - distancia: 3136.89 - carga: 192
Rota 3 : < 1 214 21 152 134 216 255 219 231 53 93 171 39 139 122 143 141 192 239 107 280 60 120 73 72 50 49 180 238 94 168 28 273 275 40 43 155 1 >  - distancia: 5591.38 - carga: 183
Rota 4 : < 1 270 25 19 151 121 36 256 153 100 38 248 37 184 1 >  - distancia: 3590.44 - carga: 192
Rota 5 : < 1 46 2 14 88 48 1 >  - distancia: 2922.75 - carga: 192
Rota 6 : < 1 18 207 233 177 197 54 136 242 251 31 165 271 135 68 29 234 58 254 189 96 1 >  - distancia: 3114.1 - carga: 192
Rota 7 : < 1 6 4 245 116 103 1 >  - distancia: 2054.24 - carga: 192
Rota 8 : < 1 258 3 24 272 247 209 63 1 >  - distancia: 2773.71 - carga: 192
Rota 9 : < 1 204 9 150 227 188 175 101 218 169 228 196 182 79 114 246 30 91 195 160 154 1 >  - distancia: 2858.08 - carga: 192
Rota 10 : < 1 5 13 85 87 253 1 >  - distancia: 1682.73 - carga: 190
Rota 11 : < 1 193 12 162 113 131 123 166 75 161 67 183 95 211 217 52 190 250 1 >  - distancia: 2427.45 - carga: 192
Rota 12 : < 1 173 7 23 147 249 1 >  - distancia: 2707.67 - carga: 192
Rota 13 : < 1 81 11 244 229 84 200 203 129 70 201 156 32 145 98 55 157 159 137 264 259 1 >  - distancia: 2208.1 - carga: 192
Rota 14 : < 1 41 74 225 119 226 117 56 257 105 146 178 140 223 278 64 115 235 236 59 34 51 80 220 65 170 279 202 77 26 144 66 222 1 >  - distancia: 4736.36 - carga: 172
Rota 15 : < 1 47 17 186 125 205 208 86 108 82 124 230 213 179 210 106 237 221 174 232 69 1 >  - distancia: 2931.01 - carga: 192
Rota 16 : < 1 22 15 266 215 176 198 199 243 109 149 277 224 263 181 61 194 1 >  - distancia: 2195.97 - carga: 192
total - 50773.3
optimal_value: 33503
% acima: 51.5485%
Demorou  0 ms para ler o arquivo de entrada.
Rota 0 : < 1 190 22 90 277 109 224 243 199 95 176 183 112 97 274 267 161 67 242 204 251 198 215 211 194 27 1 >  - distancia: 3073.38 - carga: 192
Rota 1 : < 1 40 7 24 272 151 273 275 1 >  - distancia: 2487.26 - carga: 192
Rota 2 : < 1 131 12 162 186 213 124 230 174 210 232 221 106 179 237 33 1 >  - distancia: 2068.12 - carga: 192
Rota 3 : < 1 34 59 3 140 252 223 172 105 117 56 271 235 225 226 80 1 >  - distancia: 3427.29 - carga: 192
Rota 4 : < 1 154 16 20 195 264 148 32 259 1 >  - distancia: 1133.94 - carga: 192
Rota 5 : < 1 2 19 270 130 38 262 256 166 268 127 1 >  - distancia: 2956.63 - carga: 192
Rota 6 : < 1 18 5 177 81 54 231 30 91 1 >  - distancia: 1575.08 - carga: 192
Rota 7 : < 1 75 15 266 11 244 84 152 229 200 203 250 181 61 52 62 1 >  - distancia: 2088.88 - carga: 192
Rota 8 : < 1 265 164 104 241 159 145 55 137 160 98 157 263 149 217 69 99 45 121 37 234 71 206 42 57 132 102 29 189 88 107 239 64 115 147 249 135 72 50 280 60 120 73 1 >  - distancia: 5213.06 - carga: 192
Rota 9 : < 1 123 113 17 125 205 82 208 108 86 173 92 212 111 47 100 126 138 44 133 139 122 171 93 197 26 66 1 >  - distancia: 4117.84 - carga: 190
Rota 10 : < 1 248 10 78 167 158 261 269 163 110 276 153 36 142 128 184 76 35 1 >  - distancia: 3085.46 - carga: 192
Rota 11 : < 1 70 21 9 188 169 228 170 222 1 >  - distancia: 1830.04 - carga: 192
Rota 12 : < 1 39 136 13 85 253 114 87 196 202 182 116 79 103 77 233 255 219 155 1 >  - distancia: 3207.18 - carga: 187
Rota 13 : < 1 156 201 129 134 216 214 207 150 246 175 31 227 53 258 46 165 220 65 74 41 236 51 119 146 278 257 254 58 1 >  - distancia: 3910.42 - carga: 192
Rota 14 : < 1 185 8 25 191 83 89 143 141 192 178 49 180 238 63 94 168 28 260 193 187 118 43 1 >  - distancia: 4774.19 - carga: 168
Rota 15 : < 1 240 23 14 209 247 48 68 96 1 >  - distancia: 2556.79 - carga: 192
Rota 16 : < 1 218 101 6 4 245 144 279 1 >  - distancia: 2452.15 - carga: 192
total - 49957.7
optimal_value: 33503
% acima: 49.1142%
Demorou  0 ms para ler o arquivo de entrada.
Rota 0 : < 1 47 111 92 173 108 205 125 256 153 132 276 163 36 38 184 37 128 76 78 112 97 274 44 158 102 261 267 194 1 >  - distancia: 3653.36 - carga: 192
Rota 1 : < 1 239 2 143 89 141 192 130 273 28 168 94 40 118 126 138 237 69 90 127 268 27 230 260 275 77 26 144 66 222 73 122 155 1 >  - distancia: 7087.85 - carga: 161
Rota 2 : < 1 86 12 17 186 113 106 33 1 >  - distancia: 2197.81 - carga: 192
Rota 3 : < 1 258 23 7 248 1 >  - distancia: 2427.13 - carga: 192
Rota 4 : < 1 93 175 169 228 220 65 41 59 74 170 218 114 246 81 53 253 87 196 79 182 202 101 242 251 266 263 203 224 149 52 154 1 >  - distancia: 4123.9 - carga: 192
Rota 5 : < 1 188 9 13 85 150 227 177 197 231 1 >  - distancia: 1719.42 - carga: 192
Rota 6 : < 1 172 8 3 140 252 185 223 107 238 49 279 1 >  - distancia: 3351.11 - carga: 192
Rota 7 : < 1 278 14 10 71 42 57 206 1 >  - distancia: 2491.72 - carga: 192
Rota 8 : < 1 116 4 6 245 103 1 >  - distancia: 2140.19 - carga: 192
Rota 9 : < 1 100 24 272 151 121 142 262 35 187 82 212 124 213 208 193 110 99 45 75 95 217 211 61 159 1 >  - distancia: 3744.61 - carga: 192
Rota 10 : < 1 129 201 55 157 145 104 210 179 232 174 162 131 123 221 166 269 67 183 167 58 254 29 64 249 68 88 1 >  - distancia: 3385.35 - carga: 192
Rota 11 : < 1 54 5 18 233 30 207 255 219 1 >  - distancia: 1375.59 - carga: 192
Rota 12 : < 1 160 16 20 137 264 32 195 156 259 1 >  - distancia: 1037.56 - carga: 192
Rota 13 : < 1 84 21 11 244 152 229 200 181 1 >  - distancia: 1427.42 - carga: 192
Rota 14 : < 1 171 204 136 31 165 46 226 105 117 56 271 135 257 119 225 235 80 146 178 180 280 51 236 34 60 120 72 50 115 148 250 134 216 214 91 1 >  - distancia: 5110.76 - carga: 192
Rota 15 : < 1 83 25 19 270 247 191 48 209 63 96 234 43 189 147 240 139 39 133 98 70 1 >  - distancia: 3423.1 - carga: 192
Rota 16 : < 1 265 22 15 198 215 176 161 199 243 109 277 190 241 164 62 1 >  - distancia: 1737.7 - carga: 192
total - 50434.6
optimal_value: 33503
% acima: 50.5375%
Mdia total para X-n280-k17: 50961.3
Tempo medio para X-n280-k17: 0
