
Demorou  0 ms para ler o arquivo de entrada.
Rota 0 : < 1 190 104 11 255 216 84 198 31 46 258 226 119 225 34 105 80 220 165 200 219 157 1 >  - distancia: 3916.89 - carga: 191
Rota 1 : < 1 131 221 106 17 82 124 213 205 163 78 112 274 67 267 269 125 173 212 230 155 1 >  - distancia: 3494.87 - carga: 189
Rota 2 : < 1 134 16 10 167 44 1 >  - distancia: 2200.75 - carga: 192
Rota 3 : < 1 265 4 182 21 156 1 >  - distancia: 2358.74 - carga: 192
Rota 4 : < 1 123 108 121 37 36 128 142 262 100 256 276 71 254 240 39 97 158 261 132 45 208 99 110 57 86 126 260 193 33 27 231 197 178 239 72 50 171 194 94 130 192 238 180 1 >  - distancia: 9533.87 - carga: 192
Rota 5 : < 1 24 38 8 89 252 185 209 83 191 48 63 1 >  - distancia: 3811.31 - carga: 192
Rota 6 : < 1 146 14 3 107 257 56 1 >  - distancia: 2621.35 - carga: 192
Rota 7 : < 1 196 5 23 64 29 249 122 1 >  - distancia: 2703.35 - carga: 192
Rota 8 : < 1 153 22 199 161 243 266 183 242 136 204 101 218 279 271 115 139 75 127 95 268 184 35 223 60 120 280 96 1 >  - distancia: 6464.91 - carga: 192
Rota 9 : < 1 275 7 19 272 151 273 168 28 42 206 40 76 187 138 102 246 93 1 >  - distancia: 3906.49 - carga: 192
Rota 10 : < 1 270 25 247 88 117 135 68 189 248 234 43 58 147 278 244 251 210 164 62 145 159 148 250 154 1 >  - distancia: 4757.23 - carga: 191
Rota 11 : < 1 215 15 176 2 141 172 140 143 1 >  - distancia: 3011.93 - carga: 192
Rota 12 : < 1 235 9 13 85 87 114 103 79 77 26 1 >  - distancia: 2660.12 - carga: 192
Rota 13 : < 1 195 264 129 98 32 137 241 277 174 179 109 224 113 111 92 47 166 69 52 90 232 263 181 160 259 91 144 66 49 118 1 >  - distancia: 6553.39 - carga: 166
Rota 14 : < 1 53 227 175 188 6 116 253 169 202 170 74 41 236 65 51 73 245 59 228 222 1 >  - distancia: 4427.63 - carga: 192
Rota 15 : < 1 133 20 12 162 237 186 1 >  - distancia: 2659.2 - carga: 192
Rota 16 : < 1 54 18 207 233 150 81 177 30 214 152 201 70 229 203 149 61 211 217 55 1 >  - distancia: 2746.69 - carga: 192
total - 67828.7
optimal_value: 33503
% acima: 102.456%
Demorou  0 ms para ler o arquivo de entrada.
Rota 0 : < 1 27 123 166 17 131 113 210 186 173 92 212 47 111 82 213 106 69 164 62 98 265 1 >  - distancia: 3456.87 - carga: 192
Rota 1 : < 1 218 13 6 182 225 74 31 171 1 >  - distancia: 3171.05 - carga: 192
Rota 2 : < 1 190 4 245 79 188 46 165 101 242 215 198 233 53 246 70 259 91 1 >  - distancia: 4657.03 - carga: 192
Rota 3 : < 1 258 3 107 140 223 25 151 28 273 272 94 168 262 126 138 187 275 261 1 >  - distancia: 3714.94 - carga: 192
Rota 4 : < 1 44 10 19 270 130 247 89 191 172 209 122 1 >  - distancia: 3129.85 - carga: 192
Rota 5 : < 1 175 7 121 76 58 240 276 153 142 35 128 132 269 45 1 >  - distancia: 3565.67 - carga: 192
Rota 6 : < 1 52 12 162 8 185 252 178 49 180 238 192 1 >  - distancia: 3724.76 - carga: 192
Rota 7 : < 1 248 37 38 42 118 36 108 193 125 163 256 179 124 230 208 260 184 206 267 75 90 232 33 127 251 139 115 59 73 51 86 1 >  - distancia: 6931.5 - carga: 163
Rota 8 : < 1 202 196 103 116 14 88 147 96 254 235 135 72 236 34 80 204 54 253 77 279 41 66 144 26 1 >  - distancia: 5274.69 - carga: 192
Rota 9 : < 1 263 11 23 189 117 146 119 29 234 71 40 1 >  - distancia: 2979.37 - carga: 192
Rota 10 : < 1 22 9 85 81 30 227 244 109 241 203 181 1 >  - distancia: 2745.63 - carga: 192
Rota 11 : < 1 43 15 176 67 183 112 133 158 167 64 249 271 257 105 226 78 110 205 221 99 100 57 102 1 >  - distancia: 4914.8 - carga: 192
Rota 12 : < 1 137 201 264 148 129 156 104 243 211 217 95 161 97 207 214 216 219 136 169 228 170 222 220 60 65 120 280 278 56 50 39 274 255 134 195 160 154 1 >  - distancia: 5297.84 - carga: 190
Rota 13 : < 1 68 18 16 159 32 145 157 250 155 1 >  - distancia: 3330.47 - carga: 192
Rota 14 : < 1 152 5 150 114 87 177 266 224 149 174 237 277 61 199 194 268 1 >  - distancia: 3077.98 - carga: 192
Rota 15 : < 1 239 24 2 141 143 83 48 63 1 >  - distancia: 2963.46 - carga: 192
Rota 16 : < 1 200 84 20 55 21 229 231 197 93 1 >  - distancia: 2172.69 - carga: 192
total - 65108.6
optimal_value: 33503
% acima: 94.3366%
Demorou  0 ms para ler o arquivo de entrada.
Rota 0 : < 1 26 5 175 18 30 216 255 203 1 >  - distancia: 1913.94 - carga: 192
Rota 1 : < 1 269 10 2 185 238 1 >  - distancia: 2775.04 - carga: 192
Rota 2 : < 1 112 24 19 270 130 272 151 273 168 184 275 110 189 135 72 280 120 73 1 >  - distancia: 3927.86 - carga: 192
Rota 3 : < 1 243 15 16 55 137 145 241 277 90 1 >  - distancia: 1975.37 - carga: 192
Rota 4 : < 1 103 79 116 196 182 245 12 131 199 179 69 166 268 1 >  - distancia: 3704.66 - carga: 192
Rota 5 : < 1 66 4 21 84 93 1 >  - distancia: 2708.97 - carga: 192
Rota 6 : < 1 28 7 37 121 256 36 132 163 173 92 86 260 126 35 187 76 94 40 1 >  - distancia: 4268.01 - carga: 192
Rota 7 : < 1 91 233 8 25 11 152 200 265 1 >  - distancia: 3566.67 - carga: 192
Rota 8 : < 1 51 6 13 85 177 197 204 81 231 1 >  - distancia: 2758.85 - carga: 192
Rota 9 : < 1 150 9 227 188 114 87 253 207 214 218 236 258 242 267 44 183 97 95 190 149 62 181 1 >  - distancia: 3637.18 - carga: 192
Rota 10 : < 1 155 22 215 266 20 195 159 98 264 32 148 129 154 1 >  - distancia: 2231.66 - carga: 192
Rota 11 : < 1 240 78 167 234 43 248 128 38 100 262 42 58 254 71 142 89 141 80 59 228 246 54 202 60 34 279 77 144 180 118 138 193 230 1 >  - distancia: 7673.02 - carga: 163
Rota 12 : < 1 208 108 205 162 124 106 232 210 104 164 221 153 276 102 45 67 274 251 39 170 222 46 136 198 158 75 99 57 261 206 96 115 122 139 249 133 157 160 259 1 >  - distancia: 6765.44 - carga: 190
Rota 13 : < 1 107 23 119 235 146 178 117 257 64 161 176 109 61 244 134 229 224 211 194 1 >  - distancia: 4155.9 - carga: 192
Rota 14 : < 1 174 17 82 113 125 213 186 212 111 47 123 201 250 70 263 52 33 27 237 127 217 156 219 1 >  - distancia: 4990.24 - carga: 192
Rota 15 : < 1 29 3 252 247 209 191 83 278 105 140 172 223 239 63 48 143 192 147 56 50 49 1 >  - distancia: 4424.21 - carga: 192
Rota 16 : < 1 225 14 88 68 226 271 31 169 74 41 220 65 165 101 53 171 1 >  - distancia: 3638.09 - carga: 192
total - 65115.1
optimal_value: 33503
% acima: 94.356%
Demorou  0 ms para ler o arquivo de entrada.
Rota 0 : < 1 50 8 14 191 252 223 140 117 254 94 1 >  - distancia: 3392.54 - carga: 192
Rota 1 : < 1 114 11 30 207 152 216 255 214 85 196 79 227 246 202 65 103 253 26 91 1 >  - distancia: 4016.6 - carga: 173
Rota 2 : < 1 68 24 7 168 28 1 >  - distancia: 2580.12 - carga: 192
Rota 3 : < 1 51 225 3 178 105 146 74 220 46 31 53 101 165 80 271 258 1 >  - distancia: 3748.37 - carga: 192
Rota 4 : < 1 164 15 22 69 198 242 251 233 229 204 177 197 81 54 231 1 >  - distancia: 2710.33 - carga: 191
Rota 5 : < 1 215 21 13 87 116 144 77 1 >  - distancia: 2309.26 - carga: 192
Rota 6 : < 1 279 170 20 148 195 159 55 277 149 200 266 176 112 274 97 240 78 64 115 278 135 41 1 >  - distancia: 4793.12 - carga: 192
Rota 7 : < 1 160 16 98 145 201 129 70 264 241 137 32 109 211 183 224 1 >  - distancia: 2442.21 - carga: 192
Rota 8 : < 1 167 158 261 269 248 37 71 121 128 276 163 36 184 153 132 110 45 29 119 147 189 96 151 89 209 141 192 238 107 180 49 273 275 187 27 260 193 1 >  - distancia: 7087.7 - carga: 187
Rota 9 : < 1 232 17 186 123 221 174 213 210 179 237 106 33 161 44 67 243 104 62 250 203 156 134 219 61 194 1 >  - distancia: 4310.63 - carga: 192
Rota 10 : < 1 172 25 83 247 239 48 88 234 38 142 35 262 173 100 57 102 99 76 126 138 190 127 206 118 263 75 52 90 268 217 157 181 95 154 265 155 1 >  - distancia: 8230.04 - carga: 192
Rota 11 : < 1 256 125 205 86 92 111 47 212 113 166 131 199 162 208 108 82 42 59 34 73 280 60 120 236 228 222 171 39 139 249 72 122 43 40 63 1 >  - distancia: 7125.53 - carga: 186
Rota 12 : < 1 244 84 2 143 185 19 270 130 272 1 >  - distancia: 3064.77 - carga: 192
Rota 13 : < 1 259 12 5 93 1 >  - distancia: 2232.06 - carga: 192
Rota 14 : < 1 10 23 58 226 257 56 235 1 >  - distancia: 2519.84 - carga: 192
Rota 15 : < 1 9 18 150 188 175 169 218 136 267 133 1 >  - distancia: 2148.7 - carga: 192
Rota 16 : < 1 230 124 4 245 6 182 66 1 >  - distancia: 3154.89 - carga: 192
total - 65866.7
optimal_value: 33503
% acima: 96.5994%
Demorou  0 ms para ler o arquivo de entrada.
Rota 0 : < 1 215 21 129 84 204 54 188 85 207 231 266 95 190 199 243 198 133 1 >  - distancia: 3803.73 - carga: 192
Rota 1 : < 1 55 32 159 104 145 98 52 250 61 264 152 134 241 62 265 211 164 124 92 173 213 237 69 163 57 206 139 115 135 44 39 171 279 202 26 91 1 >  - distancia: 6024.09 - carga: 179
Rota 2 : < 1 67 12 179 6 66 144 1 >  - distancia: 3128.25 - carga: 191
Rota 3 : < 1 60 14 2 143 141 192 238 1 >  - distancia: 3127.24 - carga: 192
Rota 4 : < 1 246 9 11 81 22 230 1 >  - distancia: 2549.74 - carga: 192
Rota 5 : < 1 261 158 276 153 42 254 29 68 235 258 74 65 225 120 46 220 51 146 59 280 41 80 101 236 34 178 278 107 56 50 72 267 251 97 274 194 27 1 >  - distancia: 6237.85 - carga: 192
Rota 6 : < 1 88 3 8 140 257 226 117 247 1 >  - distancia: 3094.74 - carga: 192
Rota 7 : < 1 78 10 248 128 36 100 262 121 234 94 71 37 76 142 35 184 168 28 273 189 96 218 1 >  - distancia: 4123.7 - carga: 192
Rota 8 : < 1 240 167 112 161 176 136 31 165 177 255 216 233 242 200 203 181 210 155 174 217 90 33 110 99 102 45 260 187 239 63 130 40 138 275 122 73 49 180 1 >  - distancia: 7811.45 - carga: 182
Rota 9 : < 1 229 15 7 58 269 166 127 1 >  - distancia: 2419.4 - carga: 192
Rota 10 : < 1 252 23 13 150 114 175 93 1 >  - distancia: 3206.74 - carga: 192
Rota 11 : < 1 191 25 19 185 172 223 105 89 83 209 119 64 249 147 48 1 >  - distancia: 4419.46 - carga: 192
Rota 12 : < 1 183 17 24 151 272 270 38 125 82 193 126 118 43 1 >  - distancia: 3912.23 - carga: 192
Rota 13 : < 1 47 212 111 208 256 86 205 108 186 131 162 123 232 113 221 75 268 106 109 149 137 244 224 70 259 263 157 160 156 1 >  - distancia: 4949.42 - carga: 185
Rota 14 : < 1 277 5 53 18 227 30 214 219 197 1 >  - distancia: 2105.37 - carga: 192
Rota 15 : < 1 132 16 20 195 148 201 154 1 >  - distancia: 1993.42 - carga: 192
Rota 16 : < 1 271 4 245 169 228 79 182 196 87 103 253 116 77 170 222 1 >  - distancia: 4066.15 - carga: 192
total - 66973
optimal_value: 33503
% acima: 99.9015%
Demorou  0 ms para ler o arquivo de entrada.
Rota 0 : < 1 139 13 114 16 98 145 1 >  - distancia: 2472.82 - carga: 192
Rota 1 : < 1 248 7 151 18 152 219 259 1 >  - distancia: 2677.51 - carga: 191
Rota 2 : < 1 31 165 6 196 182 87 116 103 101 218 67 44 38 275 128 35 86 75 221 90 265 155 1 >  - distancia: 4616.52 - carga: 191
Rota 3 : < 1 62 12 186 162 106 131 123 113 163 153 276 71 57 118 1 >  - distancia: 2608.71 - carga: 192
Rota 4 : < 1 76 121 25 19 270 191 48 239 147 189 96 107 272 273 130 28 94 168 249 262 126 260 187 138 43 63 238 49 1 >  - distancia: 6072.59 - carga: 185
Rota 5 : < 1 136 23 278 257 68 226 271 135 72 46 220 175 74 279 170 65 59 120 34 246 1 >  - distancia: 3900.51 - carga: 192
Rota 6 : < 1 157 264 20 32 55 137 148 129 156 241 104 190 224 243 266 269 82 92 1 >  - distancia: 3226.57 - carga: 191
Rota 7 : < 1 199 22 11 244 177 81 85 169 228 245 79 144 66 1 >  - distancia: 3137.89 - carga: 192
Rota 8 : < 1 255 15 2 252 105 146 178 225 73 1 >  - distancia: 3114.3 - carga: 192
Rota 9 : < 1 256 125 205 108 173 111 212 208 193 100 36 42 142 184 167 206 29 235 234 37 240 274 261 124 213 47 110 102 232 127 268 1 >  - distancia: 6024.45 - carga: 191
Rota 10 : < 1 188 4 5 1 >  - distancia: 2034.13 - carga: 192
Rota 11 : < 1 88 10 3 117 56 50 180 1 >  - distancia: 3175.32 - carga: 192
Rota 12 : < 1 60 14 209 89 247 83 141 192 280 41 202 77 216 134 195 61 160 154 214 231 93 54 197 91 26 222 122 1 >  - distancia: 6673.58 - carga: 172
Rota 13 : < 1 133 267 204 9 227 150 253 207 53 233 30 70 84 263 149 159 52 181 211 217 237 95 194 1 >  - distancia: 4193.57 - carga: 192
Rota 14 : < 1 40 17 8 140 223 185 143 172 119 51 236 80 258 115 99 27 230 1 >  - distancia: 4946.65 - carga: 192
Rota 15 : < 1 210 179 21 229 200 109 277 174 166 69 164 201 250 203 215 171 1 >  - distancia: 3883.7 - carga: 192
Rota 16 : < 1 24 254 58 64 78 176 112 242 198 251 161 183 97 39 158 132 45 33 1 >  - distancia: 3724.3 - carga: 192
total - 66483.1
optimal_value: 33503
% acima: 98.4393%
Demorou  0 ms para ler o arquivo de entrada.
Rota 0 : < 1 227 9 5 175 101 165 53 1 >  - distancia: 1809.77 - carga: 192
Rota 1 : < 1 256 163 153 36 78 269 261 158 123 113 205 213 124 162 27 110 262 35 187 260 173 232 145 69 99 33 90 52 195 181 62 265 154 250 197 91 144 222 192 1 >  - distancia: 8384.79 - carga: 185
Rota 2 : < 1 155 174 21 30 150 216 214 207 170 115 135 50 151 76 138 206 96 178 238 44 149 1 >  - distancia: 5357.33 - carga: 176
Rota 3 : < 1 29 24 7 168 94 43 1 >  - distancia: 2422.29 - carga: 192
Rota 4 : < 1 49 105 2 89 191 270 143 141 172 223 189 218 228 65 202 66 171 93 249 273 275 193 230 1 >  - distancia: 5963.75 - carga: 185
Rota 5 : < 1 272 25 23 64 240 234 254 68 31 242 39 139 122 1 >  - distancia: 3745.84 - carga: 192
Rota 6 : < 1 126 10 19 130 38 184 128 132 102 45 37 28 42 40 118 1 >  - distancia: 3898.93 - carga: 192
Rota 7 : < 1 257 8 252 140 278 235 226 119 236 34 258 169 220 46 59 279 41 280 80 60 120 147 239 107 63 48 1 >  - distancia: 5652.52 - carga: 192
Rota 8 : < 1 221 131 106 237 199 67 183 276 167 248 121 100 208 111 47 212 92 86 108 142 71 57 161 127 268 75 74 51 73 56 1 >  - distancia: 5526.59 - carga: 192
Rota 9 : < 1 137 55 11 4 245 116 103 1 >  - distancia: 2095.8 - carga: 192
Rota 10 : < 1 32 20 3 117 225 146 180 1 >  - distancia: 2808.58 - carga: 192
Rota 11 : < 1 196 253 87 114 14 88 185 247 83 209 58 271 72 136 85 246 26 1 >  - distancia: 4246.64 - carga: 192
Rota 12 : < 1 22 179 12 166 125 82 1 >  - distancia: 2067.8 - carga: 192
Rota 13 : < 1 134 84 6 79 77 182 81 204 198 224 61 264 148 70 156 129 98 157 160 259 1 >  - distancia: 3572.26 - carga: 192
Rota 14 : < 1 255 16 241 104 13 231 1 >  - distancia: 2358.91 - carga: 192
Rota 15 : < 1 188 18 233 266 215 203 263 190 210 164 159 201 152 219 200 277 217 95 243 211 176 194 1 >  - distancia: 3793.29 - carga: 191
Rota 16 : < 1 186 17 15 109 229 244 177 54 251 267 112 274 97 133 1 >  - distancia: 2798.21 - carga: 192
total - 66503.3
optimal_value: 33503
% acima: 98.4995%
Demorou  0 ms para ler o arquivo de entrada.
Rota 0 : < 1 271 6 245 116 103 188 150 85 175 218 31 136 53 101 112 133 1 >  - distancia: 3715.73 - carga: 192
Rota 1 : < 1 124 17 125 108 256 110 205 82 208 92 111 113 174 199 106 99 131 232 265 1 >  - distancia: 3673.15 - carga: 192
Rota 2 : < 1 177 81 233 5 227 207 79 182 66 228 170 202 246 77 279 222 144 26 91 49 1 >  - distancia: 4789.01 - carga: 178
Rota 3 : < 1 12 162 186 22 179 210 155 1 >  - distancia: 1760 - carga: 192
Rota 4 : < 1 93 21 152 229 84 109 176 161 242 198 243 211 217 224 263 164 90 33 1 >  - distancia: 3206.28 - carga: 192
Rota 5 : < 1 117 2 252 172 15 266 215 1 >  - distancia: 2787.93 - carga: 192
Rota 6 : < 1 158 261 163 10 58 71 248 121 76 142 100 132 167 78 276 45 102 1 >  - distancia: 3038.78 - carga: 192
Rota 7 : < 1 190 16 241 19 270 130 151 273 28 240 274 39 194 1 >  - distancia: 2954.78 - carga: 192
Rota 8 : < 1 251 23 147 189 25 191 247 48 89 83 254 209 96 249 1 >  - distancia: 3181.66 - carga: 192
Rota 9 : < 1 87 114 253 8 225 120 51 280 34 73 257 107 29 135 115 80 50 86 193 35 187 212 47 206 168 40 239 238 63 139 94 43 118 138 230 1 >  - distancia: 8031.43 - carga: 175
Rota 10 : < 1 20 201 55 159 98 264 148 137 32 145 70 259 149 181 52 62 250 134 200 157 61 97 54 95 1 >  - distancia: 3992.29 - carga: 192
Rota 11 : < 1 196 3 146 140 278 56 235 226 68 88 223 185 143 141 192 165 171 231 197 1 >  - distancia: 4136.94 - carga: 192
Rota 12 : < 1 169 13 9 204 267 44 67 269 166 1 >  - distancia: 2562.91 - carga: 192
Rota 13 : < 1 46 18 24 272 234 38 184 128 262 42 1 >  - distancia: 3555.86 - carga: 192
Rota 14 : < 1 154 11 244 30 214 216 255 219 129 203 277 183 75 173 260 213 237 27 221 123 104 195 160 156 69 127 268 126 1 >  - distancia: 5554.84 - carga: 192
Rota 15 : < 1 180 14 7 37 275 1 >  - distancia: 2783.77 - carga: 192
Rota 16 : < 1 57 153 36 4 74 41 60 59 220 258 236 65 105 178 119 72 64 122 1 >  - distancia: 4466.78 - carga: 192
total - 64192.1
optimal_value: 33503
% acima: 91.6011%
Demorou  0 ms para ler o arquivo de entrada.
Rota 0 : < 1 13 4 245 116 144 66 222 1 >  - distancia: 2315.66 - carga: 192
Rota 1 : < 1 246 22 3 252 223 107 189 48 130 209 272 141 28 275 40 43 118 279 73 1 >  - distancia: 6042.97 - carga: 192
Rota 2 : < 1 86 2 172 140 257 56 29 58 64 249 240 183 97 251 231 198 213 230 1 >  - distancia: 4463.21 - carga: 190
Rota 3 : < 1 192 24 270 6 196 103 182 79 26 1 >  - distancia: 3810.4 - carga: 191
Rota 4 : < 1 57 12 108 47 111 173 92 212 121 262 35 124 99 268 33 100 187 260 1 >  - distancia: 4804.24 - carga: 192
Rota 5 : < 1 115 19 25 89 143 185 146 49 180 280 72 96 75 195 259 171 197 50 238 1 >  - distancia: 6197.8 - carga: 167
Rota 6 : < 1 205 208 193 10 42 248 234 254 147 68 88 105 178 278 235 59 60 87 77 1 >  - distancia: 3881.64 - carga: 192
Rota 7 : < 1 34 51 236 120 80 225 117 271 46 65 41 74 220 136 31 258 218 188 114 150 170 134 157 154 158 274 139 122 206 126 138 102 164 211 181 62 156 1 >  - distancia: 6663.15 - carga: 192
Rota 8 : < 1 133 112 11 30 227 177 233 214 207 85 253 175 169 101 228 202 81 216 219 255 91 1 >  - distancia: 3639.35 - carga: 192
Rota 9 : < 1 137 264 16 20 32 55 160 1 >  - distancia: 871.506 - carga: 192
Rota 10 : < 1 165 7 14 63 1 >  - distancia: 2658.02 - carga: 192
Rota 11 : < 1 129 201 98 23 78 132 110 276 166 123 162 131 106 237 186 27 1 >  - distancia: 2958.07 - carga: 190
Rota 12 : < 1 239 8 247 83 191 119 226 135 167 163 256 269 261 45 241 190 52 104 200 217 90 265 221 232 155 1 >  - distancia: 5039.56 - carga: 191
Rota 13 : < 1 273 9 18 15 194 127 1 >  - distancia: 3113.45 - carga: 192
Rota 14 : < 1 70 21 5 53 93 1 >  - distancia: 1405.36 - carga: 192
Rota 15 : < 1 148 145 224 95 161 215 176 199 109 277 229 266 243 67 267 39 44 242 84 204 54 263 152 250 203 159 61 149 244 1 >  - distancia: 4545.51 - carga: 192
Rota 16 : < 1 174 210 179 69 113 17 125 82 153 128 36 38 151 37 184 71 142 76 168 94 1 >  - distancia: 3729.59 - carga: 192
total - 66139.5
optimal_value: 33503
% acima: 97.4137%
Demorou  1 ms para ler o arquivo de entrada.
Rota 0 : < 1 221 205 22 5 204 242 31 227 1 >  - distancia: 2839.08 - carga: 192
Rota 1 : < 1 71 128 38 37 151 184 76 262 35 100 124 208 193 173 110 199 125 92 212 47 86 105 251 54 171 215 217 237 69 33 97 95 261 102 274 122 39 263 1 >  - distancia: 7751.58 - carga: 192
Rota 2 : < 1 49 18 4 182 116 196 202 246 1 >  - distancia: 3317.35 - carga: 192
Rota 3 : < 1 7 25 270 247 48 209 56 135 213 90 268 265 1 >  - distancia: 3623.07 - carga: 192
Rota 4 : < 1 219 21 216 30 152 233 214 229 241 32 264 157 159 145 137 195 160 1 >  - distancia: 2605.03 - carga: 192
Rota 5 : < 1 88 24 19 272 191 83 29 234 43 40 168 28 273 94 130 178 107 1 >  - distancia: 4138.38 - carga: 192
Rota 6 : < 1 11 6 245 253 169 74 34 51 80 220 279 222 1 >  - distancia: 3191.35 - carga: 192
Rota 7 : < 1 239 3 252 8 172 185 140 119 50 1 >  - distancia: 2933.02 - carga: 192
Rota 8 : < 1 68 14 10 248 121 1 >  - distancia: 2590.51 - carga: 192
Rota 9 : < 1 70 12 17 186 162 27 232 127 1 >  - distancia: 1979.99 - carga: 192
Rota 10 : < 1 155 179 123 106 131 20 98 109 112 133 113 99 45 75 67 243 136 81 177 197 1 >  - distancia: 3777.35 - carga: 192
Rota 11 : < 1 244 9 85 13 87 188 150 53 93 1 >  - distancia: 2004.01 - carga: 192
Rota 12 : < 1 16 15 198 266 176 161 267 183 194 1 >  - distancia: 1633.83 - carga: 192
Rota 13 : < 1 275 142 36 153 132 163 108 82 166 210 277 190 52 104 250 200 149 203 201 156 84 129 255 224 211 148 55 61 181 1 >  - distancia: 5370.62 - carga: 192
Rota 14 : < 1 63 2 89 143 223 254 278 189 147 96 42 57 206 235 65 170 79 144 77 26 134 231 91 154 1 >  - distancia: 5145.29 - carga: 192
Rota 15 : < 1 236 225 120 271 46 175 218 165 258 146 59 280 60 41 101 103 114 228 207 174 111 260 126 138 187 141 238 192 72 115 73 180 118 230 259 66 1 >  - distancia: 10258.9 - carga: 161
Rota 16 : < 1 62 164 23 117 257 226 64 249 58 167 256 269 44 78 276 158 240 139 1 >  - distancia: 3482.63 - carga: 192
total - 66642
optimal_value: 33503
% acima: 98.9136%
Demorou  1 ms para ler o arquivo de entrada.
Rota 0 : < 1 10 24 270 89 143 141 48 63 168 1 >  - distancia: 2977.58 - carga: 192
Rota 1 : < 1 160 5 53 204 54 81 207 85 150 253 114 79 103 87 182 66 144 1 >  - distancia: 2831.29 - carga: 192
Rota 2 : < 1 161 16 22 217 243 95 67 199 112 1 >  - distancia: 2349.53 - carga: 192
Rota 3 : < 1 130 7 37 128 42 132 276 123 205 124 108 208 47 260 126 40 1 >  - distancia: 4191.75 - carga: 192
Rota 4 : < 1 13 20 159 98 145 241 104 277 164 62 1 >  - distancia: 2064.6 - carga: 192
Rota 5 : < 1 211 15 198 4 245 196 202 188 93 1 >  - distancia: 2398.52 - carga: 192
Rota 6 : < 1 151 273 142 35 248 254 234 71 36 138 153 167 44 183 240 139 267 39 117 56 38 262 212 27 155 94 275 193 118 28 192 238 180 135 50 49 73 77 26 222 122 1 >  - distancia: 9664.03 - carga: 161
Rota 7 : < 1 12 17 113 210 131 106 230 1 >  - distancia: 2109.34 - carga: 192
Rota 8 : < 1 29 58 14 19 272 209 201 250 190 99 261 102 97 43 1 >  - distancia: 4683.66 - carga: 192
Rota 9 : < 1 148 32 137 9 152 229 109 149 263 181 129 156 264 70 259 134 84 52 61 232 33 268 1 >  - distancia: 3385.96 - carga: 192
Rota 10 : < 1 76 2 191 83 185 247 140 119 105 178 226 220 64 249 147 96 189 1 >  - distancia: 4191.06 - carga: 192
Rota 11 : < 1 256 110 163 158 269 166 179 186 125 213 162 221 237 174 69 90 82 86 111 92 173 100 187 57 274 75 55 154 195 157 265 1 >  - distancia: 5090.24 - carga: 192
Rota 12 : < 1 171 11 21 216 233 244 203 224 200 91 1 >  - distancia: 2715.47 - carga: 192
Rota 13 : < 1 51 3 271 258 218 227 177 197 255 214 170 279 41 120 60 59 236 115 251 133 206 45 219 1 >  - distancia: 5240.17 - carga: 192
Rota 14 : < 1 121 184 23 25 225 80 146 278 235 46 228 246 1 >  - distancia: 3763.91 - carga: 192
Rota 15 : < 1 116 18 30 6 65 242 231 74 34 280 72 1 >  - distancia: 4298.29 - carga: 192
Rota 16 : < 1 8 172 252 223 107 239 88 257 68 78 31 169 136 175 101 165 176 215 266 127 194 1 >  - distancia: 4219.5 - carga: 192
total - 66174.9
optimal_value: 33503
% acima: 97.5193%
Demorou  0 ms para ler o arquivo de entrada.
Rota 0 : < 1 275 2 24 270 130 272 28 209 94 1 >  - distancia: 3497.46 - carga: 192
Rota 1 : < 1 48 191 247 7 234 248 276 38 128 184 76 100 179 104 1 >  - distancia: 3302.41 - carga: 192
Rota 2 : < 1 144 14 9 169 253 204 229 200 1 >  - distancia: 3534.94 - carga: 192
Rota 3 : < 1 131 21 216 13 207 54 197 171 1 >  - distancia: 2588.28 - carga: 192
Rota 4 : < 1 167 10 23 29 71 121 1 >  - distancia: 2394.63 - carga: 192
Rota 5 : < 1 238 3 20 55 145 159 195 201 160 259 1 >  - distancia: 3102.3 - carga: 192
Rota 6 : < 1 255 84 152 244 177 136 165 271 117 226 235 72 225 146 119 68 64 58 135 56 80 65 78 199 75 45 221 1 >  - distancia: 4522.43 - carga: 192
Rota 7 : < 1 5 227 150 87 114 188 233 214 149 62 250 277 69 127 268 211 194 228 93 219 77 26 91 154 265 1 >  - distancia: 5168.58 - carga: 192
Rota 8 : < 1 254 8 252 140 223 172 105 257 278 258 59 236 34 280 51 46 279 60 79 246 202 66 120 73 178 49 239 63 192 40 1 >  - distancia: 6584.15 - carga: 190
Rota 9 : < 1 245 16 164 241 98 157 137 32 156 70 129 203 224 183 215 263 181 1 >  - distancia: 3711.08 - carga: 192
Rota 10 : < 1 264 12 213 15 176 198 44 1 >  - distancia: 2225.18 - carga: 192
Rota 11 : < 1 222 18 30 22 113 110 153 42 118 37 151 273 142 262 35 187 95 1 >  - distancia: 3868.13 - carga: 192
Rota 12 : < 1 97 161 67 158 163 256 132 112 267 242 31 81 231 53 266 61 174 210 125 123 124 106 33 99 166 240 139 249 133 1 >  - distancia: 5297.55 - carga: 192
Rota 13 : < 1 148 17 186 162 205 108 82 173 212 47 92 111 86 36 57 206 269 102 261 274 115 1 >  - distancia: 3600.86 - carga: 192
Rota 14 : < 1 134 11 4 116 196 85 103 1 >  - distancia: 2434.69 - carga: 190
Rota 15 : < 1 175 6 182 170 218 74 41 220 101 251 109 190 52 243 217 90 237 232 155 27 230 1 >  - distancia: 4018.43 - carga: 173
Rota 16 : < 1 107 25 19 89 141 185 143 83 88 147 96 189 208 193 260 126 138 168 43 39 122 50 180 1 >  - distancia: 5705.29 - carga: 184
total - 65556.4
optimal_value: 33503
% acima: 95.6732%
Demorou  0 ms para ler o arquivo de entrada.
Rota 0 : < 1 275 24 151 38 42 118 248 40 132 57 158 198 129 32 159 195 237 127 194 171 219 197 93 48 63 238 192 180 49 1 >  - distancia: 7022.1 - carga: 183
Rota 1 : < 1 98 16 21 134 1 >  - distancia: 1158.15 - carga: 191
Rota 2 : < 1 239 185 2 143 141 270 130 272 37 184 206 208 75 102 268 277 216 67 133 86 142 76 187 138 1 >  - distancia: 5947.85 - carga: 192
Rota 3 : < 1 8 3 252 140 146 178 119 80 236 120 73 1 >  - distancia: 3116.99 - carga: 192
Rota 4 : < 1 255 11 81 175 246 114 77 202 87 26 188 242 44 97 64 29 96 189 209 83 212 35 262 168 28 94 273 126 45 139 50 1 >  - distancia: 6579.96 - carga: 192
Rota 5 : < 1 149 20 55 137 23 147 254 278 271 72 1 >  - distancia: 2884.86 - carga: 192
Rota 6 : < 1 166 10 71 58 240 167 78 153 108 128 100 173 92 111 260 155 1 >  - distancia: 3582.21 - carga: 192
Rota 7 : < 1 245 18 150 233 244 84 266 199 215 269 267 31 204 53 152 200 250 160 1 >  - distancia: 3589.05 - carga: 192
Rota 8 : < 1 117 19 25 247 89 172 223 107 88 56 135 249 203 154 62 265 33 47 193 230 1 >  - distancia: 4957.61 - carga: 192
Rota 9 : < 1 124 17 205 82 213 186 125 113 210 162 27 174 232 164 52 61 181 264 156 70 259 214 1 >  - distancia: 3429.02 - carga: 192
Rota 10 : < 1 148 22 90 14 191 68 257 105 234 43 1 >  - distancia: 3086.59 - carga: 192
Rota 11 : < 1 218 4 196 103 116 228 65 280 170 251 243 54 274 261 115 279 222 66 1 >  - distancia: 5439.23 - carga: 171
Rota 12 : < 1 211 9 30 6 182 79 169 253 46 1 >  - distancia: 3057.34 - carga: 192
Rota 13 : < 1 12 106 131 123 241 224 263 104 190 201 157 145 179 69 221 1 >  - distancia: 3119.9 - carga: 192
Rota 14 : < 1 99 256 110 163 7 121 36 276 112 161 183 176 1 >  - distancia: 2581.23 - carga: 192
Rota 15 : < 1 144 5 227 13 85 207 91 1 >  - distancia: 2262.01 - carga: 192
Rota 16 : < 1 122 15 109 229 177 231 136 101 258 235 226 225 59 60 220 74 41 51 34 165 39 95 217 1 >  - distancia: 4127.9 - carga: 192
total - 65942
optimal_value: 33503
% acima: 96.8242%
Demorou  0 ms para ler o arquivo de entrada.
Rota 0 : < 1 195 201 11 18 177 31 165 258 46 74 279 222 50 1 >  - distancia: 2788.94 - carga: 192
Rota 1 : < 1 231 207 188 150 5 81 54 204 175 53 136 251 244 216 134 219 1 >  - distancia: 2523.86 - carga: 191
Rota 2 : < 1 158 102 132 256 208 86 125 212 92 82 276 240 119 236 225 117 135 196 59 280 56 60 34 73 120 272 239 96 94 139 133 261 138 1 >  - distancia: 6970.73 - carga: 177
Rota 3 : < 1 85 13 6 114 77 101 228 171 93 197 122 63 238 1 >  - distancia: 4275.69 - carga: 187
Rota 4 : < 1 99 123 113 25 89 3 107 223 146 49 178 180 1 >  - distancia: 3344.6 - carga: 192
Rota 5 : < 1 10 24 191 270 247 48 83 1 >  - distancia: 2760.21 - carga: 192
Rota 6 : < 1 163 7 121 42 128 36 153 57 184 275 262 76 100 187 37 28 130 273 168 206 40 43 118 1 >  - distancia: 4183.75 - carga: 192
Rota 7 : < 1 141 2 172 8 140 278 252 143 192 1 >  - distancia: 3468.7 - carga: 192
Rota 8 : < 1 162 179 106 237 186 14 185 209 226 68 88 105 235 80 51 41 65 1 >  - distancia: 3724.28 - carga: 192
Rota 9 : < 1 67 23 19 151 248 254 38 71 234 29 249 1 >  - distancia: 3265.43 - carga: 192
Rota 10 : < 1 198 4 245 79 103 182 169 170 116 253 255 87 246 202 220 1 >  - distancia: 4037.68 - carga: 192
Rota 11 : < 1 233 9 21 30 152 200 181 194 1 >  - distancia: 2258.1 - carga: 192
Rota 12 : < 1 109 20 55 264 137 32 241 164 52 159 145 157 160 156 129 154 148 70 259 62 27 126 193 230 155 265 1 >  - distancia: 4256.14 - carga: 187
Rota 13 : < 1 35 142 17 15 215 266 112 161 199 176 229 242 1 >  - distancia: 3322.96 - carga: 192
Rota 14 : < 1 47 12 205 108 173 260 213 124 221 224 127 268 274 115 189 72 214 91 26 66 144 1 >  - distancia: 5400.76 - carga: 187
Rota 15 : < 1 217 22 90 277 98 250 61 203 149 243 167 269 131 33 166 110 267 78 44 183 97 95 75 111 45 147 39 1 >  - distancia: 5365.31 - carga: 192
Rota 16 : < 1 263 16 174 69 232 210 104 190 211 84 227 218 271 58 64 257 1 >  - distancia: 3701.69 - carga: 192
total - 65648.8
optimal_value: 33503
% acima: 95.9491%
Demorou  0 ms para ler o arquivo de entrada.
Rota 0 : < 1 266 15 24 151 273 36 100 187 76 37 128 42 118 40 275 1 >  - distancia: 3239.44 - carga: 192
Rota 1 : < 1 248 23 14 88 278 119 50 1 >  - distancia: 2611.96 - carga: 192
Rota 2 : < 1 163 132 10 240 78 276 44 166 268 75 123 237 161 167 71 206 57 138 102 1 >  - distancia: 3634.87 - carga: 192
Rota 3 : < 1 154 55 32 264 70 201 159 61 263 181 52 149 243 158 199 277 269 45 110 153 126 262 147 182 245 66 279 202 171 135 249 139 122 39 133 94 239 280 178 238 192 63 261 193 260 230 155 1 >  - distancia: 8734.31 - carga: 192
Rota 4 : < 1 35 142 17 124 179 131 162 210 174 232 186 125 108 92 111 212 244 69 33 1 >  - distancia: 4470.35 - carga: 192
Rota 5 : < 1 246 150 30 253 227 101 31 112 97 274 267 67 121 234 270 130 28 168 272 209 96 189 115 98 216 54 214 190 265 156 259 91 197 93 1 >  - distancia: 7102.02 - carga: 161
Rota 6 : < 1 49 225 3 68 247 48 185 191 83 252 226 236 59 220 228 103 77 26 1 >  - distancia: 3891.23 - carga: 192
Rota 7 : < 1 213 5 4 144 222 1 >  - distancia: 3132.06 - carga: 192
Rota 8 : < 1 87 13 6 196 85 116 79 1 >  - distancia: 2642.79 - carga: 192
Rota 9 : < 1 47 22 176 95 183 215 229 203 198 204 53 218 170 41 65 114 224 99 90 127 217 104 221 164 195 211 1 >  - distancia: 6300.57 - carga: 192
Rota 10 : < 1 194 21 20 148 137 157 160 250 200 231 1 >  - distancia: 2464.54 - carga: 192
Rota 11 : < 1 62 109 9 18 81 233 207 177 152 255 1 >  - distancia: 2009.01 - carga: 192
Rota 12 : < 1 43 7 254 25 143 140 223 107 64 1 >  - distancia: 2984.58 - carga: 192
Rota 13 : < 1 145 16 241 11 84 129 134 219 1 >  - distancia: 1740.68 - carga: 192
Rota 14 : < 1 86 19 2 141 89 172 257 235 120 1 >  - distancia: 3430.37 - carga: 192
Rota 15 : < 1 251 242 136 169 8 105 117 56 72 146 80 271 175 188 258 165 46 74 51 34 60 180 73 1 >  - distancia: 4926.26 - carga: 192
Rota 16 : < 1 27 12 106 256 113 82 205 208 173 38 184 29 58 1 >  - distancia: 3088.28 - carga: 192
total - 66403.3
optimal_value: 33503
% acima: 98.2011%
Demorou  0 ms para ler o arquivo de entrada.
Rota 0 : < 1 125 17 15 266 198 251 204 176 166 33 205 47 126 275 1 >  - distancia: 3917.14 - carga: 192
Rota 1 : < 1 236 9 23 119 225 120 59 258 165 39 1 >  - distancia: 3453.56 - carga: 192
Rota 2 : < 1 274 22 20 264 137 148 32 195 201 152 203 250 1 >  - distancia: 2367.8 - carga: 192
Rota 3 : < 1 75 199 183 67 161 215 224 109 277 217 243 106 108 86 260 82 173 208 193 212 99 97 61 154 214 149 62 255 70 190 134 211 45 268 90 232 265 155 1 >  - distancia: 7605.02 - carga: 190
Rota 4 : < 1 164 7 151 247 185 89 141 192 83 209 206 115 139 237 127 194 156 219 91 26 144 66 222 1 >  - distancia: 5593.26 - carga: 173
Rota 5 : < 1 44 2 19 130 143 48 280 34 178 180 49 249 50 122 273 28 187 1 >  - distancia: 5024.21 - carga: 183
Rota 6 : < 1 78 10 58 29 68 252 223 117 226 56 80 235 271 64 135 72 254 1 >  - distancia: 3392.17 - carga: 192
Rota 7 : < 1 38 163 276 132 269 158 261 167 112 267 31 242 136 101 79 74 60 51 218 220 65 228 279 41 216 129 145 95 1 >  - distancia: 5864.24 - carga: 192
Rota 8 : < 1 207 30 177 16 159 241 104 98 55 157 160 263 200 84 229 181 259 1 >  - distancia: 2495.17 - carga: 192
Rota 9 : < 1 69 12 113 221 174 179 210 123 162 186 27 131 111 1 >  - distancia: 2934.29 - carga: 191
Rota 10 : < 1 52 21 13 114 87 103 1 >  - distancia: 2023.91 - carga: 192
Rota 11 : < 1 73 3 107 257 8 191 278 88 147 189 96 239 63 238 1 >  - distancia: 3892.7 - carga: 192
Rota 12 : < 1 213 124 230 256 25 172 6 182 170 175 233 1 >  - distancia: 3675.77 - carga: 192
Rota 13 : < 1 146 105 14 5 231 1 >  - distancia: 2578.5 - carga: 192
Rota 14 : < 1 18 11 244 150 253 85 116 196 246 77 202 171 197 93 1 >  - distancia: 2995.4 - carga: 192
Rota 15 : < 1 140 24 272 270 248 42 121 71 128 76 153 142 92 100 262 35 184 168 94 234 43 40 1 >  - distancia: 4728.88 - carga: 192
Rota 16 : < 1 227 4 245 169 188 53 81 54 46 240 37 36 138 110 102 133 57 118 1 >  - distancia: 4341.68 - carga: 192
total - 66883.7
optimal_value: 33503
% acima: 99.635%
Demorou  0 ms para ler o arquivo de entrada.
Rota 0 : < 1 172 3 140 252 119 46 31 165 101 53 93 253 258 41 59 280 50 1 >  - distancia: 4448.25 - carga: 192
Rota 1 : < 1 137 16 20 201 129 156 195 1 >  - distancia: 898.341 - carga: 192
Rota 2 : < 1 13 85 87 103 116 245 77 246 228 202 251 171 39 139 99 27 111 75 190 181 97 206 261 63 192 180 49 222 66 144 1 >  - distancia: 7142.73 - carga: 182
Rota 3 : < 1 175 18 150 30 207 81 204 54 233 214 255 203 148 250 149 164 159 264 157 154 52 1 >  - distancia: 3438.63 - carga: 192
Rota 4 : < 1 200 9 188 218 10 78 240 44 133 122 1 >  - distancia: 2494.96 - carga: 192
Rota 5 : < 1 12 113 123 210 241 98 32 229 216 70 259 134 263 145 1 >  - distancia: 2887.71 - carga: 192
Rota 6 : < 1 64 17 186 208 82 173 92 86 260 47 205 162 224 243 217 90 232 268 45 248 40 94 28 168 76 35 126 138 1 >  - distancia: 5572.6 - carga: 191
Rota 7 : < 1 55 160 4 182 196 79 114 169 170 74 225 220 80 235 56 1 >  - distancia: 3482.18 - carga: 192
Rota 8 : < 1 187 100 256 125 7 151 273 38 128 57 36 262 42 118 37 142 184 275 1 >  - distancia: 3867.23 - carga: 192
Rota 9 : < 1 136 23 24 254 29 271 72 1 >  - distancia: 2632.49 - carga: 192
Rota 10 : < 1 230 124 213 19 25 89 143 270 130 272 147 189 234 43 96 107 238 236 212 1 >  - distancia: 4999.59 - carga: 185
Rota 11 : < 1 166 132 2 105 68 167 269 108 193 153 110 121 112 274 194 1 >  - distancia: 4171.01 - carga: 192
Rota 12 : < 1 11 266 215 161 67 58 146 226 223 239 209 48 83 117 135 65 34 73 120 178 51 60 115 231 61 127 155 1 >  - distancia: 5174.77 - carga: 179
Rota 13 : < 1 6 21 84 244 152 219 91 1 >  - distancia: 2695.73 - carga: 192
Rota 14 : < 1 249 5 15 199 183 242 177 197 227 26 1 >  - distancia: 3101.01 - carga: 192
Rota 15 : < 1 279 14 185 191 247 88 257 278 8 141 1 >  - distancia: 3591.91 - carga: 192
Rota 16 : < 1 102 163 71 276 158 22 277 109 211 176 198 267 131 106 174 179 237 33 221 69 95 104 62 265 1 >  - distancia: 3769.85 - carga: 192
total - 64369
optimal_value: 33503
% acima: 92.129%
Demorou  0 ms para ler o arquivo de entrada.
Rota 0 : < 1 264 20 15 199 243 95 211 224 277 263 109 229 1 >  - distancia: 1754.66 - carga: 190
Rota 1 : < 1 171 12 162 125 186 210 237 123 131 221 166 99 132 158 1 >  - distancia: 3194.5 - carga: 191
Rota 2 : < 1 137 148 21 152 216 214 255 219 31 244 84 134 231 77 41 56 139 122 261 133 48 63 192 49 50 73 1 >  - distancia: 6065.33 - carga: 191
Rota 3 : < 1 272 19 25 191 185 270 108 173 100 187 262 76 275 163 174 155 1 >  - distancia: 3853.4 - carga: 192
Rota 4 : < 1 157 24 89 143 141 257 146 236 80 178 280 34 60 240 75 183 194 53 65 279 51 202 26 93 1 >  - distancia: 5771.57 - carga: 181
Rota 5 : < 1 83 7 151 248 254 38 36 153 78 112 44 198 242 197 1 >  - distancia: 3679.8 - carga: 192
Rota 6 : < 1 274 97 67 176 267 167 276 57 234 121 184 128 42 142 35 256 110 86 205 179 69 106 212 47 92 208 82 124 232 1 >  - distancia: 4526.66 - carga: 192
Rota 7 : < 1 107 2 247 209 252 88 226 225 258 165 101 188 74 220 72 1 >  - distancia: 4144.83 - carga: 192
Rota 8 : < 1 145 98 190 164 62 201 129 156 4 116 245 182 251 55 195 160 250 154 1 >  - distancia: 3280.31 - carga: 189
Rota 9 : < 1 259 11 13 85 175 204 266 215 200 203 149 265 1 >  - distancia: 2190.63 - carga: 192
Rota 10 : < 1 222 5 10 71 29 189 43 1 >  - distancia: 2960.56 - carga: 192
Rota 11 : < 1 181 17 113 9 227 150 177 30 233 207 91 1 >  - distancia: 2686.94 - carga: 192
Rota 12 : < 1 161 16 104 241 159 32 70 61 90 52 217 127 268 37 273 130 168 94 40 118 96 206 102 45 126 138 260 193 28 1 >  - distancia: 6105.17 - carga: 192
Rota 13 : < 1 180 8 6 114 253 246 87 103 196 170 228 79 144 66 1 >  - distancia: 4069.32 - carga: 191
Rota 14 : < 1 22 3 68 64 115 58 271 46 59 120 1 >  - distancia: 3320.96 - carga: 192
Rota 15 : < 1 269 23 18 81 54 169 218 136 39 1 >  - distancia: 2945.2 - carga: 191
Rota 16 : < 1 235 14 117 140 223 278 119 135 105 172 238 239 147 249 213 230 27 33 111 1 >  - distancia: 4966.75 - carga: 181
total - 65516.6
optimal_value: 33503
% acima: 95.5544%
Demorou  0 ms para ler o arquivo de entrada.
Rota 0 : < 1 65 14 88 247 117 68 96 209 63 48 239 105 49 280 178 60 216 54 231 197 70 154 195 160 214 91 171 1 >  - distancia: 6120.1 - carga: 191
Rota 1 : < 1 166 24 272 254 234 42 118 158 102 45 82 47 212 124 205 193 111 260 138 139 43 28 275 72 180 238 192 1 >  - distancia: 6332.36 - carga: 186
Rota 2 : < 1 40 17 256 132 163 36 6 116 144 245 66 1 >  - distancia: 3993.33 - carga: 191
Rota 3 : < 1 13 9 253 150 136 114 87 26 246 1 >  - distancia: 2381.75 - carga: 192
Rota 4 : < 1 221 131 162 186 213 108 208 100 121 71 112 199 183 67 97 241 174 104 98 277 210 190 90 265 127 263 181 148 61 1 >  - distancia: 4888.54 - carga: 192
Rota 5 : < 1 182 3 107 10 240 44 122 1 >  - distancia: 2938.4 - carga: 192
Rota 6 : < 1 251 23 278 257 64 271 258 235 80 225 165 115 147 173 86 262 92 230 1 >  - distancia: 4358.95 - carga: 182
Rota 7 : < 1 76 128 19 151 185 191 140 172 141 89 252 83 270 223 135 249 189 57 143 273 94 168 75 206 35 187 126 261 62 194 56 50 1 >  - distancia: 7872.52 - carga: 192
Rota 8 : < 1 29 58 7 37 248 142 38 184 276 78 269 153 110 1 >  - distancia: 3106.04 - carga: 192
Rota 9 : < 1 130 25 21 134 200 215 109 149 32 159 52 1 >  - distancia: 3742 - carga: 191
Rota 10 : < 1 93 5 20 201 137 55 145 157 1 >  - distancia: 1742.61 - carga: 192
Rota 11 : < 1 31 15 4 196 202 169 218 41 222 1 >  - distancia: 3125.89 - carga: 192
Rota 12 : < 1 268 22 12 113 33 179 237 232 69 155 1 >  - distancia: 2002.35 - carga: 192
Rota 13 : < 1 164 16 129 84 266 244 152 229 203 250 224 243 217 95 211 106 99 1 >  - distancia: 3003 - carga: 192
Rota 14 : < 1 51 2 8 226 146 119 236 59 34 73 120 1 >  - distancia: 3387.34 - carga: 192
Rota 15 : < 1 176 242 11 81 233 177 204 175 53 46 167 161 198 267 274 133 39 123 125 27 1 >  - distancia: 3844.5 - carga: 192
Rota 16 : < 1 156 264 18 207 30 227 188 101 228 170 74 279 220 85 79 103 77 255 219 259 1 >  - distancia: 2959.96 - carga: 180
total - 65799.7
optimal_value: 33503
% acima: 96.3993%
Demorou  0 ms para ler o arquivo de entrada.
Rota 0 : < 1 216 5 150 207 227 177 231 152 263 149 241 164 104 61 211 90 62 190 155 1 >  - distancia: 2898.63 - carga: 192
Rota 1 : < 1 133 16 145 98 52 84 203 109 266 210 125 213 47 82 92 1 >  - distancia: 4043.95 - carga: 192
Rota 2 : < 1 54 18 4 182 103 165 199 194 1 >  - distancia: 2549.17 - carga: 192
Rota 3 : < 1 27 7 254 68 147 121 191 89 247 209 252 278 56 223 141 1 >  - distancia: 4554.28 - carga: 192
Rota 4 : < 1 44 9 15 251 22 243 265 1 >  - distancia: 2547.5 - carga: 192
Rota 5 : < 1 260 108 208 205 153 248 142 262 42 128 184 37 36 138 132 64 249 189 143 270 130 272 100 35 131 99 96 115 255 39 206 40 76 126 168 239 48 192 238 49 50 122 181 154 1 >  - distancia: 8786.16 - carga: 186
Rota 6 : < 1 140 172 8 25 19 151 273 28 94 1 >  - distancia: 3082.93 - carga: 192
Rota 7 : < 1 26 114 188 81 31 136 244 201 157 159 224 198 176 242 112 158 110 174 237 173 124 230 162 212 86 38 275 1 >  - distancia: 5951.34 - carga: 192
Rota 8 : < 1 21 13 30 229 200 219 91 1 >  - distancia: 1858.58 - carga: 192
Rota 9 : < 1 233 20 137 55 160 32 148 264 129 134 70 259 156 195 250 277 95 45 232 111 193 187 261 57 118 1 >  - distancia: 5068.92 - carga: 186
Rota 10 : < 1 169 23 2 185 83 63 1 >  - distancia: 2947.23 - carga: 192
Rota 11 : < 1 196 12 17 123 69 179 217 1 >  - distancia: 2836.91 - carga: 192
Rota 12 : < 1 11 6 79 245 116 144 202 246 85 53 171 67 274 1 >  - distancia: 2954.15 - carga: 192
Rota 13 : < 1 139 3 107 117 119 225 105 146 59 51 34 60 226 80 236 73 175 253 1 >  - distancia: 3520.06 - carga: 192
Rota 14 : < 1 75 10 71 234 43 167 240 269 267 204 101 46 87 77 214 279 222 66 93 197 1 >  - distancia: 4448.34 - carga: 174
Rota 15 : < 1 29 58 78 276 256 163 186 221 113 106 166 33 161 183 97 258 235 120 74 220 170 228 218 65 280 178 180 41 215 127 268 102 1 >  - distancia: 5799.07 - carga: 191
Rota 16 : < 1 24 14 88 257 271 135 72 1 >  - distancia: 2572.23 - carga: 192
total - 66419.4
optimal_value: 33503
% acima: 98.2492%
Demorou  0 ms para ler o arquivo de entrada.
Rota 0 : < 1 251 15 11 30 233 150 188 53 242 112 240 44 1 >  - distancia: 2514.55 - carga: 192
Rota 1 : < 1 147 24 19 38 262 35 100 86 260 47 193 237 33 45 232 265 1 >  - distancia: 3440.24 - carga: 192
Rota 2 : < 1 12 27 186 125 166 123 199 263 179 106 69 277 241 164 1 >  - distancia: 2734.55 - carga: 192
Rota 3 : < 1 31 16 10 29 249 43 1 >  - distancia: 3182.54 - carga: 192
Rota 4 : < 1 270 25 14 88 257 105 117 119 278 50 1 >  - distancia: 3101.72 - carga: 192
Rota 5 : < 1 126 121 142 184 248 254 234 71 153 132 110 57 76 165 39 201 156 204 203 169 60 120 73 135 246 77 255 181 154 250 99 138 187 168 28 118 275 40 133 127 72 49 180 238 192 63 1 >  - distancia: 10854.5 - carga: 182
Rota 6 : < 1 272 7 37 128 36 205 208 108 162 210 155 113 174 268 1 >  - distancia: 3389.83 - carga: 192
Rota 7 : < 1 247 3 21 134 231 1 >  - distancia: 3072.74 - carga: 192
Rota 8 : < 1 89 8 252 172 140 223 185 191 48 209 239 178 107 225 280 65 74 279 59 101 245 216 91 1 >  - distancia: 5070 - carga: 190
Rota 9 : < 1 90 23 68 226 146 236 271 56 235 258 46 218 136 177 81 54 244 219 1 >  - distancia: 3057.43 - carga: 192
Rota 10 : < 1 92 111 2 143 83 141 151 94 273 130 80 220 41 51 34 116 214 202 222 1 >  - distancia: 5715.44 - carga: 174
Rota 11 : < 1 163 276 18 175 170 228 227 84 200 229 207 148 70 129 137 104 95 194 230 1 >  - distancia: 5193.3 - carga: 192
Rota 12 : < 1 26 4 6 196 182 253 93 1 >  - distancia: 2214.46 - carga: 192
Rota 13 : < 1 32 9 87 13 85 114 79 103 144 66 1 >  - distancia: 2404.67 - carga: 192
Rota 14 : < 1 131 221 17 82 124 213 212 173 256 167 206 158 75 224 211 190 61 62 98 55 52 149 159 1 >  - distancia: 3621.65 - carga: 191
Rota 15 : < 1 261 22 109 217 243 161 215 266 176 198 183 267 269 102 42 64 115 78 67 97 274 58 189 96 139 122 171 197 1 >  - distancia: 4340.18 - carga: 192
Rota 16 : < 1 152 5 20 145 157 264 195 160 259 1 >  - distancia: 1841.76 - carga: 192
total - 65749.5
optimal_value: 33503
% acima: 96.2497%
Demorou  0 ms para ler o arquivo de entrada.
Rota 0 : < 1 96 3 252 185 247 83 140 223 239 63 272 28 94 43 41 228 34 195 154 1 >  - distancia: 4678.72 - carga: 164
Rota 1 : < 1 48 14 88 226 225 51 73 280 59 60 146 220 103 169 245 233 219 134 231 91 1 >  - distancia: 4743.24 - carga: 192
Rota 2 : < 1 26 13 150 5 30 255 1 >  - distancia: 1660.5 - carga: 192
Rota 3 : < 1 49 25 191 172 143 141 105 178 180 107 209 38 205 47 124 208 193 57 224 69 232 99 92 75 133 39 249 118 40 260 187 275 1 >  - distancia: 8230.13 - carga: 190
Rota 4 : < 1 17 10 248 128 153 163 125 213 230 1 >  - distancia: 2666.33 - carga: 192
Rota 5 : < 1 130 23 2 89 270 151 168 1 >  - distancia: 3380.21 - carga: 192
Rota 6 : < 1 66 4 196 202 87 77 253 85 207 152 137 157 174 98 277 52 90 265 1 >  - distancia: 3616.11 - carga: 192
Rota 7 : < 1 216 214 227 81 204 112 267 183 78 58 29 64 115 240 158 261 269 45 110 131 33 237 161 210 61 266 250 190 145 149 95 127 155 1 >  - distancia: 4993.62 - carga: 192
Rota 8 : < 1 101 6 18 114 188 244 129 264 259 1 >  - distancia: 2687.93 - carga: 192
Rota 9 : < 1 243 199 109 211 176 67 276 71 42 234 189 167 132 37 147 258 182 79 116 144 74 218 171 84 263 70 32 215 194 1 >  - distancia: 5673.61 - carga: 192
Rota 10 : < 1 102 22 12 186 113 106 162 27 1 >  - distancia: 2244.57 - carga: 192
Rota 11 : < 1 273 7 8 117 278 80 271 135 72 50 1 >  - distancia: 3315.29 - carga: 192
Rota 12 : < 1 104 241 164 62 166 179 123 221 256 82 173 212 111 36 108 100 262 184 142 121 76 35 86 126 138 44 274 139 122 97 246 53 197 93 279 120 238 192 1 >  - distancia: 6831.05 - carga: 192
Rota 13 : < 1 206 19 24 254 68 56 257 119 46 235 236 1 >  - distancia: 3205.88 - carga: 192
Rota 14 : < 1 203 16 159 11 177 229 200 181 217 1 >  - distancia: 2073.46 - carga: 192
Rota 15 : < 1 54 21 20 148 55 201 156 160 1 >  - distancia: 1768.97 - carga: 192
Rota 16 : < 1 268 9 175 15 198 136 242 251 31 165 65 170 222 1 >  - distancia: 3317.02 - carga: 191
total - 65086.6
optimal_value: 33503
% acima: 94.2711%
Demorou  0 ms para ler o arquivo de entrada.
Rota 0 : < 1 262 8 3 105 226 278 117 223 239 107 72 1 >  - distancia: 3405.28 - carga: 192
Rota 1 : < 1 166 16 32 195 98 148 201 70 129 134 244 216 219 214 91 279 66 144 222 1 >  - distancia: 4300.43 - carga: 189
Rota 2 : < 1 60 59 9 150 169 228 258 271 235 46 101 218 175 93 251 39 267 133 42 168 273 28 94 40 275 118 187 1 >  - distancia: 5165.47 - carga: 185
Rota 3 : < 1 34 225 80 21 152 200 266 198 229 263 52 277 203 149 109 211 90 243 1 >  - distancia: 3762.13 - carga: 192
Rota 4 : < 1 130 19 38 142 121 2 140 178 49 73 1 >  - distancia: 3558.66 - carga: 192
Rota 5 : < 1 84 18 4 116 196 170 1 >  - distancia: 2239.96 - carga: 192
Rota 6 : < 1 158 6 182 202 74 41 51 220 65 236 120 280 64 147 185 58 209 48 272 96 249 115 122 63 192 1 >  - distancia: 6046.83 - carga: 178
Rota 7 : < 1 156 264 159 241 164 61 55 104 224 190 106 256 99 45 110 269 132 206 128 57 174 95 97 261 237 232 155 179 208 193 75 102 215 194 181 217 160 62 265 250 154 1 >  - distancia: 6659.13 - carga: 192
Rota 8 : < 1 270 10 25 89 141 191 83 247 172 143 1 >  - distancia: 3913.54 - carga: 192
Rota 9 : < 1 137 20 145 12 123 33 1 >  - distancia: 1460.91 - carga: 192
Rota 10 : < 1 180 23 7 37 184 76 35 1 >  - distancia: 2958.72 - carga: 192
Rota 11 : < 1 69 13 24 254 189 257 56 119 50 1 >  - distancia: 3556.37 - carga: 192
Rota 12 : < 1 77 103 79 245 5 31 204 161 176 112 167 44 276 100 1 >  - distancia: 3620.29 - carga: 192
Rota 13 : < 1 14 88 29 78 240 234 43 151 248 71 153 36 138 126 210 162 213 27 1 >  - distancia: 3825.6 - carga: 190
Rota 14 : < 1 163 17 205 125 82 108 173 111 47 212 92 86 260 113 131 186 124 230 1 >  - distancia: 3070.48 - carga: 188
Rota 15 : < 1 139 22 15 199 183 67 242 136 53 165 68 135 252 146 238 1 >  - distancia: 4355.96 - carga: 192
Rota 16 : < 1 26 11 177 81 207 233 227 85 188 30 255 253 114 246 87 54 197 231 171 274 221 127 268 157 259 1 >  - distancia: 4315.57 - carga: 191
total - 66215.3
optimal_value: 33503
% acima: 97.64%
Demorou  0 ms para ler o arquivo de entrada.
Rota 0 : < 1 244 14 24 270 130 151 273 28 275 118 1 >  - distancia: 2774.53 - carga: 192
Rota 1 : < 1 53 23 4 79 196 66 1 >  - distancia: 2943.99 - carga: 192
Rota 2 : < 1 201 15 198 215 199 176 266 112 274 97 267 67 132 158 256 92 111 125 82 193 138 1 >  - distancia: 3360.13 - carga: 192
Rota 3 : < 1 7 11 81 177 30 91 93 197 222 1 >  - distancia: 3568.9 - carga: 192
Rota 4 : < 1 2 10 58 167 1 >  - distancia: 2722.77 - carga: 192
Rota 5 : < 1 31 3 278 117 146 178 271 220 116 144 245 103 202 228 246 77 122 50 49 180 43 1 >  - distancia: 5266.57 - carga: 186
Rota 6 : < 1 169 13 85 253 87 227 136 78 276 110 163 36 128 37 168 35 187 126 1 >  - distancia: 3636.73 - carga: 192
Rota 7 : < 1 161 5 175 18 207 114 26 259 1 >  - distancia: 2157.75 - carga: 192
Rota 8 : < 1 71 12 131 25 226 257 223 238 192 1 >  - distancia: 4358.92 - carga: 192
Rota 9 : < 1 250 241 159 32 145 210 221 179 123 33 237 162 108 212 173 260 121 57 206 240 44 189 83 94 107 63 47 86 230 155 1 >  - distancia: 5767.25 - carga: 167
Rota 10 : < 1 39 183 166 153 38 184 142 262 76 42 248 40 234 29 249 64 135 233 54 231 255 251 204 68 120 72 34 279 280 141 115 133 139 102 127 268 217 52 62 164 265 261 95 195 1 >  - distancia: 7716.33 - carga: 192
Rota 11 : < 1 27 213 17 186 19 191 48 89 143 247 88 254 96 147 272 1 >  - distancia: 3707.92 - carga: 192
Rota 12 : < 1 209 8 140 185 252 119 235 225 258 59 51 73 60 236 65 41 188 46 172 105 80 56 239 1 >  - distancia: 5577.97 - carga: 192
Rota 13 : < 1 9 150 6 182 74 170 165 101 218 171 1 >  - distancia: 2544.98 - carga: 192
Rota 14 : < 1 224 16 104 148 70 98 61 109 190 232 205 124 208 100 106 69 90 1 >  - distancia: 3569.23 - carga: 192
Rota 15 : < 1 263 20 264 137 55 84 200 243 211 277 113 269 99 75 45 242 229 134 156 160 157 154 149 194 1 >  - distancia: 3914.41 - carga: 192
Rota 16 : < 1 129 22 174 21 152 219 216 214 203 181 1 >  - distancia: 2325.98 - carga: 192
total - 65914.4
optimal_value: 33503
% acima: 96.7417%
Demorou  0 ms para ler o arquivo de entrada.
Rota 0 : < 1 203 229 13 150 188 227 207 216 87 53 218 39 57 138 35 272 178 48 151 130 273 135 239 238 49 180 249 94 28 1 >  - distancia: 6793.17 - carga: 192
Rota 1 : < 1 43 19 7 168 37 234 71 167 139 122 1 >  - distancia: 2676.11 - carga: 192
Rota 2 : < 1 257 24 247 14 88 96 107 1 >  - distancia: 2859.9 - carga: 192
Rota 3 : < 1 268 17 125 256 113 124 213 186 166 237 131 67 133 44 97 208 232 95 156 259 219 93 209 63 192 40 118 275 1 >  - distancia: 6611.39 - carga: 180
Rota 4 : < 1 38 25 8 172 226 225 119 146 117 58 78 206 1 >  - distancia: 3680.8 - carga: 192
Rota 5 : < 1 79 5 16 157 1 >  - distancia: 2040.07 - carga: 192
Rota 6 : < 1 176 161 21 134 55 264 201 104 224 215 84 54 165 253 202 279 222 1 >  - distancia: 4262.63 - carga: 192
Rota 7 : < 1 114 9 6 103 85 81 31 204 231 1 >  - distancia: 2643.84 - carga: 192
Rota 8 : < 1 27 4 116 245 196 182 169 246 77 74 60 73 255 214 91 26 144 66 1 >  - distancia: 5241 - carga: 174
Rota 9 : < 1 266 18 233 11 177 244 109 149 129 159 154 265 1 >  - distancia: 2652.91 - carga: 192
Rota 10 : < 1 243 22 179 23 189 254 42 36 163 45 99 102 1 >  - distancia: 2865.65 - carga: 192
Rota 11 : < 1 56 3 252 223 105 278 68 258 220 46 235 72 271 59 34 41 170 65 1 >  - distancia: 3841.87 - carga: 192
Rota 12 : < 1 262 12 162 20 32 195 1 >  - distancia: 2131.83 - carga: 191
Rota 13 : < 1 30 15 10 248 121 153 205 106 230 193 1 >  - distancia: 3261.26 - carga: 192
Rota 14 : < 1 62 241 210 82 212 173 92 86 260 123 33 69 90 190 137 160 52 98 148 61 145 277 211 217 200 250 174 164 152 70 263 181 127 194 171 197 1 >  - distancia: 6454.13 - carga: 192
Rota 15 : < 1 75 269 199 198 136 251 183 158 261 267 274 112 276 132 110 142 128 76 29 240 64 115 242 175 101 228 236 120 280 51 80 147 50 1 >  - distancia: 5581.44 - carga: 192
Rota 16 : < 1 140 2 89 185 191 83 143 141 270 108 47 111 100 187 126 184 221 155 1 >  - distancia: 4335.41 - carga: 192
total - 67933.4
optimal_value: 33503
% acima: 102.768%
Demorou  0 ms para ler o arquivo de entrada.
Rota 0 : < 1 40 15 176 242 198 215 199 161 269 45 163 110 132 142 86 111 108 208 100 126 187 35 44 1 >  - distancia: 4229.04 - carga: 192
Rota 1 : < 1 216 255 150 175 14 88 209 239 247 254 96 173 212 47 99 75 148 1 >  - distancia: 3648.94 - carga: 189
Rota 2 : < 1 55 20 129 9 253 81 177 197 85 251 1 >  - distancia: 2229.58 - carga: 192
Rota 3 : < 1 140 117 226 3 107 257 68 58 189 248 151 191 83 121 37 94 1 >  - distancia: 4103.41 - carga: 192
Rota 4 : < 1 228 4 220 34 59 120 72 89 130 273 262 80 280 270 28 178 180 238 192 73 66 26 144 93 43 118 275 193 1 >  - distancia: 8375.27 - carga: 165
Rota 5 : < 1 25 19 24 272 1 >  - distancia: 2654.42 - carga: 192
Rota 6 : < 1 18 5 53 54 152 200 224 95 127 1 >  - distancia: 1928.74 - carga: 192
Rota 7 : < 1 194 7 168 38 184 234 78 206 112 274 97 84 203 201 229 134 259 1 >  - distancia: 3173.51 - carga: 192
Rota 8 : < 1 250 12 162 186 205 125 123 113 106 237 131 221 166 155 1 >  - distancia: 2180.14 - carga: 192
Rota 9 : < 1 182 6 103 202 196 87 204 165 267 133 67 217 90 33 243 233 137 264 210 190 211 265 1 >  - distancia: 4944.63 - carga: 192
Rota 10 : < 1 146 8 2 185 252 105 56 119 50 1 >  - distancia: 2974.22 - carga: 192
Rota 11 : < 1 174 17 11 231 169 227 218 31 271 147 223 74 222 1 >  - distancia: 4254.23 - carga: 192
Rota 12 : < 1 158 10 167 22 109 149 277 241 104 61 1 >  - distancia: 2196.31 - carga: 192
Rota 13 : < 1 52 16 98 21 219 1 >  - distancia: 1406.26 - carga: 192
Rota 14 : < 1 77 13 23 64 278 172 141 143 48 63 1 >  - distancia: 3468.64 - carga: 192
Rota 15 : < 1 71 42 128 76 36 153 256 276 240 139 29 136 266 183 179 82 92 213 124 230 145 154 181 69 232 268 39 122 261 57 260 102 214 246 91 171 249 49 27 138 1 >  - distancia: 10170.6 - carga: 192
Rota 16 : < 1 30 207 188 114 116 245 79 170 101 46 51 65 235 135 225 60 236 41 279 258 115 244 263 157 164 159 70 32 160 195 62 156 1 >  - distancia: 5565.09 - carga: 191
total - 67503.1
optimal_value: 33503
% acima: 101.484%
Demorou  0 ms para ler o arquivo de entrada.
Rota 0 : < 1 255 13 11 152 229 84 200 203 98 157 154 1 >  - distancia: 1702.84 - carga: 192
Rota 1 : < 1 262 121 10 58 189 271 68 64 176 198 215 199 161 267 97 274 136 1 >  - distancia: 3360.55 - carga: 192
Rota 2 : < 1 224 109 21 20 159 241 190 265 1 >  - distancia: 1963.34 - carga: 192
Rota 3 : < 1 230 17 205 36 142 42 248 37 71 78 240 139 44 133 67 256 99 163 276 102 31 171 39 1 >  - distancia: 3931.68 - carga: 192
Rota 4 : < 1 110 5 175 101 218 258 235 146 105 223 140 107 141 29 206 75 184 168 76 57 1 >  - distancia: 4886.93 - carga: 192
Rota 5 : < 1 81 30 16 55 32 148 264 129 156 70 201 250 263 181 277 1 >  - distancia: 2617.65 - carga: 192
Rota 6 : < 1 269 3 4 246 1 >  - distancia: 2861.48 - carga: 192
Rota 7 : < 1 272 38 128 12 174 213 82 131 221 124 208 108 193 100 126 1 >  - distancia: 4057.37 - carga: 192
Rota 8 : < 1 125 23 249 278 117 119 225 51 46 169 228 202 188 204 251 95 158 261 45 62 1 >  - distancia: 3885.31 - carga: 192
Rota 9 : < 1 216 244 266 242 112 183 166 186 113 123 106 237 210 162 27 111 173 47 92 153 132 33 164 232 155 90 127 52 149 134 1 >  - distancia: 4689.39 - carga: 192
Rota 10 : < 1 43 234 6 245 116 196 87 103 182 79 144 77 26 170 165 72 50 60 73 120 86 187 275 28 63 192 180 66 1 >  - distancia: 7127.36 - carga: 181
Rota 11 : < 1 48 19 2 89 83 247 209 257 56 135 115 122 1 >  - distancia: 3052.21 - carga: 192
Rota 12 : < 1 219 22 8 88 226 80 236 59 280 34 74 65 220 41 279 222 214 91 93 160 259 194 1 >  - distancia: 5245.88 - carga: 188
Rota 13 : < 1 273 25 24 167 179 69 211 104 145 137 195 61 217 1 >  - distancia: 3627.82 - carga: 192
Rota 14 : < 1 268 15 243 18 114 253 150 85 177 54 197 53 207 1 >  - distancia: 2683.98 - carga: 192
Rota 15 : < 1 151 7 9 227 233 231 1 >  - distancia: 2765.45 - carga: 192
Rota 16 : < 1 96 14 254 270 130 191 252 185 172 238 178 49 239 147 143 212 260 35 94 40 118 138 1 >  - distancia: 5523.36 - carga: 176
total - 63982.6
optimal_value: 33503
% acima: 90.9757%
Demorou  0 ms para ler o arquivo de entrada.
Rota 0 : < 1 59 24 254 96 8 80 280 182 101 103 228 54 219 156 259 1 >  - distancia: 4651.71 - carga: 192
Rota 1 : < 1 43 7 25 185 89 143 83 209 42 1 >  - distancia: 3014.29 - carga: 192
Rota 2 : < 1 250 20 16 98 145 159 148 1 >  - distancia: 963.933 - carga: 192
Rota 3 : < 1 235 6 9 85 114 87 188 31 171 93 1 >  - distancia: 3055 - carga: 192
Rota 4 : < 1 97 12 22 241 104 52 109 190 265 1 >  - distancia: 2340.59 - carga: 192
Rota 5 : < 1 217 211 224 277 266 244 84 201 129 137 70 152 263 181 243 75 95 61 125 71 258 202 51 73 60 178 239 278 48 135 107 49 180 50 122 155 1 >  - distancia: 7343.05 - carga: 178
Rota 6 : < 1 261 158 269 78 276 132 110 256 167 44 29 248 128 57 100 124 230 210 221 123 162 69 163 199 194 200 255 214 246 26 77 91 197 1 >  - distancia: 5767.07 - carga: 190
Rota 7 : < 1 118 14 88 257 271 72 117 56 68 226 225 120 34 74 279 170 220 46 41 1 >  - distancia: 3669.1 - carga: 192
Rota 8 : < 1 10 5 136 242 127 1 >  - distancia: 2463.91 - carga: 192
Rota 9 : < 1 58 189 64 115 112 39 204 175 218 53 207 169 245 116 253 30 231 251 267 134 55 157 195 212 27 268 62 90 102 260 126 193 138 40 63 238 192 1 >  - distancia: 8936.03 - carga: 177
Rota 10 : < 1 222 4 23 234 38 76 35 1 >  - distancia: 3266.85 - carga: 192
Rota 11 : < 1 232 174 3 17 106 237 179 186 33 1 >  - distancia: 3288.25 - carga: 192
Rota 12 : < 1 86 208 108 173 82 47 92 111 213 205 153 113 166 183 274 133 131 99 45 67 165 147 249 142 168 206 272 273 184 28 151 94 164 160 154 1 >  - distancia: 6886.93 - carga: 192
Rota 13 : < 1 203 18 227 19 191 247 270 130 37 121 36 262 187 275 1 >  - distancia: 3529.5 - carga: 192
Rota 14 : < 1 32 264 21 15 161 176 215 198 1 >  - distancia: 1698.09 - carga: 192
Rota 15 : < 1 139 240 2 141 140 252 146 105 172 223 119 236 65 196 79 144 66 1 >  - distancia: 3966.89 - carga: 192
Rota 16 : < 1 216 13 11 177 81 233 150 229 149 1 >  - distancia: 1958.92 - carga: 192
total - 66800.1
optimal_value: 33503
% acima: 99.3855%
Demorou  0 ms para ler o arquivo de entrada.
Rota 0 : < 1 108 208 17 205 125 256 179 210 109 211 217 90 113 221 174 232 104 145 157 154 52 1 >  - distancia: 3150.6 - carga: 192
Rota 1 : < 1 244 16 20 148 129 250 1 >  - distancia: 1677.78 - carga: 192
Rota 2 : < 1 227 18 150 30 152 203 149 61 224 199 243 67 266 55 195 263 181 134 70 32 1 >  - distancia: 3154 - carga: 191
Rota 3 : < 1 9 177 204 136 165 235 119 271 115 117 64 189 96 140 48 107 59 280 72 135 249 50 122 1 >  - distancia: 4324.42 - carga: 185
Rota 4 : < 1 65 74 220 258 46 112 198 97 240 139 29 147 234 43 71 269 166 186 82 111 212 92 47 86 173 260 124 230 126 35 273 28 40 118 187 1 >  - distancia: 5928.21 - carga: 192
Rota 5 : < 1 151 25 2 141 185 143 252 172 192 238 63 1 >  - distancia: 3389.42 - carga: 192
Rota 6 : < 1 130 24 121 142 184 128 76 248 57 206 162 33 75 127 277 190 264 156 159 164 213 27 110 1 >  - distancia: 5097.52 - carga: 192
Rota 7 : < 1 98 22 95 176 161 183 215 251 229 84 200 242 274 44 116 77 182 231 219 171 197 93 222 26 91 1 >  - distancia: 4907.79 - carga: 171
Rota 8 : < 1 42 11 233 253 87 85 81 54 169 101 218 196 202 170 105 49 236 80 60 34 41 279 228 246 1 >  - distancia: 4909.42 - carga: 192
Rota 9 : < 1 178 13 114 188 31 68 278 223 239 191 257 254 58 267 39 100 138 99 69 268 194 155 193 1 >  - distancia: 6608.83 - carga: 191
Rota 10 : < 1 14 19 270 247 272 38 275 37 94 83 89 56 1 >  - distancia: 3634.23 - carga: 192
Rota 11 : < 1 133 10 12 131 1 >  - distancia: 2126.62 - carga: 192
Rota 12 : < 1 146 8 7 168 88 226 225 120 180 1 >  - distancia: 3644.39 - carga: 192
Rota 13 : < 1 3 5 53 175 1 >  - distancia: 2542.17 - carga: 192
Rota 14 : < 1 4 245 6 79 103 144 66 1 >  - distancia: 2458.36 - carga: 192
Rota 15 : < 1 209 23 78 163 153 132 276 36 262 167 158 261 102 45 123 237 106 241 62 265 1 >  - distancia: 3745.34 - carga: 192
Rota 16 : < 1 73 51 15 21 216 207 214 255 201 137 160 259 1 >  - distancia: 3083.06 - carga: 191
total - 64382.1
optimal_value: 33503
% acima: 92.1683%
Demorou  1 ms para ler o arquivo de entrada.
Rota 0 : < 1 20 264 16 159 98 32 195 1 >  - distancia: 862.04 - carga: 192
Rota 1 : < 1 257 278 24 151 254 96 68 119 146 80 271 225 120 226 105 117 56 50 1 >  - distancia: 3695.59 - carga: 192
Rota 2 : < 1 90 7 14 239 48 1 >  - distancia: 2626.78 - carga: 192
Rota 3 : < 1 67 12 162 27 113 8 140 238 49 180 1 >  - distancia: 3475.97 - carga: 192
Rota 4 : < 1 242 6 79 114 196 169 218 188 175 112 183 136 251 204 55 164 1 >  - distancia: 3728.45 - carga: 192
Rota 5 : < 1 21 18 150 233 216 255 81 1 >  - distancia: 1630.75 - carga: 192
Rota 6 : < 1 52 109 266 224 277 190 62 210 106 123 125 173 260 86 110 221 237 131 70 134 137 156 160 250 154 181 75 45 126 76 128 100 57 51 214 91 219 259 155 1 >  - distancia: 7283.71 - carga: 186
Rota 7 : < 1 129 5 11 207 152 177 54 197 93 1 >  - distancia: 1988.49 - carga: 192
Rota 8 : < 1 198 9 4 245 116 202 171 1 >  - distancia: 2469.7 - carga: 192
Rota 9 : < 1 199 23 64 147 29 240 71 142 38 248 184 234 43 163 99 243 61 179 33 1 >  - distancia: 3792.28 - carga: 192
Rota 10 : < 1 165 2 252 223 172 185 89 143 141 192 83 107 37 168 206 39 133 95 211 149 97 139 1 >  - distancia: 4832.02 - carga: 192
Rota 11 : < 1 82 22 13 30 85 87 26 77 53 231 182 66 246 228 1 >  - distancia: 4246.5 - carga: 192
Rota 12 : < 1 244 200 84 229 227 253 101 258 31 220 65 46 74 279 60 59 236 41 170 280 34 73 72 178 135 130 94 40 28 273 35 138 118 275 262 187 63 122 222 144 1 >  - distancia: 7722.11 - carga: 167
Rota 13 : < 1 217 15 17 213 108 193 205 186 166 69 241 145 104 268 230 1 >  - distancia: 3526.02 - carga: 192
Rota 14 : < 1 103 3 25 247 209 191 270 88 189 235 1 >  - distancia: 3687.46 - carga: 192
Rota 15 : < 1 92 111 212 47 208 256 36 121 153 42 132 269 158 58 249 115 201 157 203 148 174 124 276 102 261 267 263 232 127 265 1 >  - distancia: 6411.07 - carga: 192
Rota 16 : < 1 272 19 10 78 167 44 274 176 161 215 194 1 >  - distancia: 2643.39 - carga: 192
total - 64622.4
optimal_value: 33503
% acima: 92.8853%
Mdia total para X-n280-k17: 65925
Tempo medio para X-n280-k17: 0
