Demorou  0 ms para ler o arquivo de entrada.
ExcecaoSemCandidatos: 
Rota 0 : < 1 193 192 191 231 232 233 234 194 154 153 114 74 70 69 66 65 62 61 101 102 142 176 175 215 216 217 218 178 177 137 138 98 97 92 91 1 >  - distancia: 1229.1 - carga: 550
Rota 1 : < 1 115 116 119 120 160 159 199 200 240 239 238 237 197 198 118 117 78 81 42 45 46 49 131 132 172 171 170 1 >  - distancia: 951.318 - carga: 550
Rota 2 : < 1 58 59 60 63 64 67 68 71 72 73 75 76 77 79 80 43 44 47 48 51 50 1 >  - distancia: 435.963 - carga: 550
Rota 3 : < 1 136 135 95 96 56 55 52 53 54 15 16 19 20 23 24 25 27 28 29 31 32 1 >  - distancia: 406.625 - carga: 550
Rota 4 : < 1 113 112 152 151 150 149 109 35 36 39 40 3 4 5 7 8 9 11 12 13 14 17 18 21 22 26 30 33 34 1 >  - distancia: 503.383 - carga: 550
Rota 5 : < 1 196 195 155 156 157 158 83 84 124 123 163 164 204 203 202 162 201 161 122 87 88 128 127 1 >  - distancia: 917.69 - carga: 550
Rota 6 : < 1 110 111 108 107 147 148 188 187 227 228 229 230 190 189 146 145 185 186 226 225 210 1 >  - distancia: 1139.04 - carga: 390
Rota 7 : < 1 224 223 183 184 144 143 103 104 105 106 100 99 139 140 180 179 219 220 221 222 182 181 141 1 >  - distancia: 893.64 - carga: 550
Rota 8 : < 1 235 236 167 168 208 207 206 205 165 166 126 125 85 86 89 90 211 212 213 214 174 173 133 134 94 93 57 10 6 2 41 38 37 121 82 129 130 169 209 1 >  - distancia: 1746.97 - carga: 550
total - 8223.73
optimal_value: 5623
% acima: 46.2516%

Demorou  0 ms para ler o arquivo de entrada.
Rota 0 : < 1 59 60 63 64 104 103 143 144 184 183 223 224 225 226 186 185 145 146 106 105 17 13 10 9 49 50 90 89 130 210 209 0 1 >  - distancia: 6.074e+09 - carga: -1.03399e+09
Rota 1 : < 1 165 164 163 203 204 124 123 83 84 44 43 42 81 120 119 159 160 200 199 239 238 1 >  - distancia: 817.884 - carga: 550
Rota 2 : < 1 109 108 107 147 148 188 187 227 228 121 82 85 86 46 45 125 166 206 205 173 174 214 213 1 >  - distancia: 1230.56 - carga: 390
Rota 3 : < 1 101 100 99 139 140 180 179 219 220 221 222 182 181 141 142 102 62 61 21 25 26 29 30 33 37 41 87 88 128 127 126 1 >  - distancia: 901.989 - carga: 550
Rota 4 : < 1 67 68 69 66 65 12 11 8 7 6 47 48 51 52 53 92 91 131 132 172 171 170 169 1 >  - distancia: 652.195 - carga: 550
Rota 5 : < 1 115 116 156 155 195 196 236 235 234 233 193 194 154 153 113 114 74 73 77 78 118 117 157 158 240 201 162 202 167 207 208 1 >  - distancia: 1177.82 - carga: 550
Rota 6 : < 1 80 79 76 75 72 71 70 111 112 152 151 191 192 232 231 230 229 189 190 150 149 110 197 198 237 161 122 1 >  - distancia: 995.104 - carga: 550
Rota 7 : < 1 54 55 56 57 58 96 95 135 136 176 175 215 216 217 218 178 177 137 138 98 97 94 93 133 134 212 211 168 129 1 >  - distancia: 960.777 - carga: 550
Rota 8 : < 1 5 4 3 2 40 39 38 36 35 34 32 31 28 27 24 23 22 20 19 18 16 15 14 1 >  - distancia: 201.575 - carga: 550
total - 6.07401e+09
optimal_value: 5623
% acima: 1.08021e+08%

Demorou  0 ms para ler o arquivo de entrada.
ExcecaoSemCandidatos: 
Rota 0 : < 1 3 4 5 7 8 9 11 12 13 15 16 17 55 52 51 50 48 47 46 45 87 88 128 1 >  - distancia: 422.279 - carga: 550
Rota 1 : < 1 204 203 163 164 124 123 122 160 159 119 120 121 82 200 199 239 240 201 162 202 167 168 169 1 >  - distancia: 1023.93 - carga: 550
Rota 2 : < 1 35 36 39 40 41 2 6 10 14 92 91 131 132 172 171 211 212 213 214 174 173 133 134 94 93 53 54 127 126 1 >  - distancia: 838.606 - carga: 550
Rota 3 : < 1 152 151 191 192 232 231 230 229 189 190 150 149 109 110 69 30 26 22 21 61 62 65 106 102 101 141 142 182 181 221 222 98 1 >  - distancia: 1090.28 - carga: 440
Rota 4 : < 1 83 84 44 43 80 79 76 75 72 71 70 68 67 66 64 63 60 59 56 57 58 1 >  - distancia: 469.817 - carga: 550
Rota 5 : < 1 18 19 20 23 24 25 27 28 29 31 32 33 34 37 38 78 77 74 73 113 114 117 118 158 157 197 198 238 237 207 208 209 210 170 130 1 >  - distancia: 978.387 - carga: 550
Rota 6 : < 1 218 219 220 180 179 139 140 100 99 96 95 135 136 176 175 215 216 217 177 178 138 137 97 1 >  - distancia: 849.375 - carga: 550
Rota 7 : < 1 111 112 115 116 156 155 195 196 236 235 234 233 193 194 154 153 81 42 85 86 125 165 166 206 205 161 49 89 90 129 1 >  - distancia: 1227.62 - carga: 500
Rota 8 : < 1 184 183 223 224 144 143 103 104 105 107 108 148 147 187 188 228 227 226 225 185 186 146 145 1 >  - distancia: 849.289 - carga: 550
total - 7749.58
optimal_value: 5623
% acima: 37.8193%

Tempo total: 1.39782 segundos
Média total para Golden_1: 2.02468e+09
