
Demorou  0 ms para ler o arquivo de entrada.
Rota 0 : < 1 74 220 65 41 59 34 51 225 80 235 236 120 146 178 49 280 60 170 218 101 53 114 87 85 79 103 245 202 246 229 84 203 181 193 1 >  - distancia: 5430.32 - carga: 192
Rota 1 : < 1 228 169 13 21 152 219 154 1 >  - distancia: 2040.63 - carga: 192
Rota 2 : < 1 262 142 36 153 132 276 167 78 240 112 267 97 67 183 161 199 215 266 242 251 204 136 31 165 175 93 1 >  - distancia: 3053.38 - carga: 192
Rota 3 : < 1 94 24 19 270 130 272 48 100 126 92 111 47 212 260 35 1 >  - distancia: 3692.7 - carga: 192
Rota 4 : < 1 128 121 38 184 37 248 42 71 234 254 96 189 147 249 256 110 158 261 102 45 99 179 174 210 232 162 106 69 241 104 164 265 1 >  - distancia: 3792.62 - carga: 192
Rota 5 : < 1 269 16 20 137 55 160 264 1 >  - distancia: 1520.5 - carga: 192
Rota 6 : < 1 168 7 151 273 28 173 86 108 208 125 205 82 213 124 230 27 33 1 >  - distancia: 2961.69 - carga: 192
Rota 7 : < 1 140 3 14 88 206 118 1 >  - distancia: 2763.44 - carga: 192
Rota 8 : < 1 83 2 25 191 247 209 63 239 223 107 105 73 1 >  - distancia: 3044.51 - carga: 192
Rota 9 : < 1 171 15 198 176 22 90 277 109 224 243 95 166 123 131 237 155 1 >  - distancia: 2360.24 - carga: 192
Rota 10 : < 1 180 8 172 252 185 89 143 141 192 238 216 255 214 134 156 259 39 133 139 57 76 275 187 138 268 127 194 279 222 77 26 91 197 66 144 1 >  - distancia: 7915.05 - carga: 161
Rota 11 : < 1 163 12 17 186 113 221 1 >  - distancia: 1944.46 - carga: 192
Rota 12 : < 1 231 11 18 30 233 207 177 81 54 244 200 43 1 >  - distancia: 2684.35 - carga: 192
Rota 13 : < 1 196 4 6 182 116 1 >  - distancia: 2097.09 - carga: 192
Rota 14 : < 1 5 9 150 227 188 253 1 >  - distancia: 1632.95 - carga: 192
Rota 15 : < 1 46 258 271 119 226 117 278 257 68 56 135 72 50 129 201 70 148 32 195 145 98 159 157 250 263 149 61 52 190 62 217 211 75 1 >  - distancia: 4229.82 - carga: 192
Rota 16 : < 1 40 10 23 29 58 64 115 44 274 122 1 >  - distancia: 2555.15 - carga: 192
total - 53718.9
optimal_value: 33503
% acima: 60.3405%
Tempo em ms: 875

Demorou  0 ms para ler o arquivo de entrada.
Rota 0 : < 1 254 14 24 272 151 273 28 128 118 1 >  - distancia: 2669.44 - carga: 192
Rota 1 : < 1 34 59 51 225 80 119 226 117 257 68 88 105 178 49 280 60 218 101 202 246 77 216 219 156 154 181 92 111 47 212 193 35 187 122 73 66 144 26 91 1 >  - distancia: 6990.59 - carga: 175
Rota 2 : < 1 195 137 55 160 201 129 70 264 148 32 159 166 75 269 158 261 102 153 36 76 184 275 168 94 96 56 72 50 115 249 139 39 95 217 211 69 232 33 99 45 57 138 1 >  - distancia: 4753.32 - carga: 192
Rota 3 : < 1 170 6 4 245 116 1 >  - distancia: 2124 - carga: 192
Rota 4 : < 1 18 9 150 227 177 81 54 231 233 207 1 >  - distancia: 1553.06 - carga: 192
Rota 5 : < 1 15 198 176 215 266 204 175 53 169 228 196 182 79 103 87 114 253 30 214 1 >  - distancia: 2398.23 - carga: 192
Rota 6 : < 1 20 16 241 104 98 145 157 1 >  - distancia: 751.759 - carga: 192
Rota 7 : < 1 278 3 8 172 252 140 223 107 146 1 >  - distancia: 2751.82 - carga: 192
Rota 8 : < 1 85 13 21 152 134 255 1 >  - distancia: 1726.33 - carga: 192
Rota 9 : < 1 25 2 143 89 191 83 185 247 43 1 >  - distancia: 2896.85 - carga: 192
Rota 10 : < 1 27 12 17 186 113 123 221 1 >  - distancia: 1615.77 - carga: 192
Rota 11 : < 1 243 22 90 277 109 224 149 263 203 250 61 52 190 164 62 174 210 179 237 106 131 162 213 124 230 1 >  - distancia: 2500.25 - carga: 192
Rota 12 : < 1 206 10 7 37 40 1 >  - distancia: 2246.3 - carga: 192
Rota 13 : < 1 194 199 161 183 67 112 267 97 274 133 44 167 78 240 276 132 163 110 256 125 205 82 108 208 173 86 260 126 1 >  - distancia: 2875.77 - carga: 192
Rota 14 : < 1 29 23 19 270 130 209 63 239 48 141 192 238 180 279 222 171 93 197 127 268 265 155 1 >  - distancia: 4236.72 - carga: 178
Rota 15 : < 1 188 5 11 244 229 84 200 259 1 >  - distancia: 1515.52 - carga: 192
Rota 16 : < 1 251 242 136 31 165 258 46 220 65 74 41 236 120 235 271 135 64 58 147 189 234 248 42 71 121 38 142 262 100 1 >  - distancia: 3370.23 - carga: 192
total - 46976
optimal_value: 33503
% acima: 40.2142%
Tempo em ms: 871

Demorou  0 ms para ler o arquivo de entrada.
Rota 0 : < 1 154 20 16 241 104 174 232 1 >  - distancia: 1284.78 - carga: 192
Rota 1 : < 1 9 18 11 219 1 >  - distancia: 1312.36 - carga: 192
Rota 2 : < 1 226 23 10 71 42 248 40 118 43 1 >  - distancia: 2566.45 - carga: 192
Rota 3 : < 1 99 166 75 269 158 261 276 132 163 110 256 125 205 82 108 208 173 86 260 92 111 47 212 124 213 162 230 1 >  - distancia: 3092.2 - carga: 192
Rota 4 : < 1 152 21 216 255 233 207 30 101 218 46 258 271 119 225 120 1 >  - distancia: 2463.64 - carga: 192
Rota 5 : < 1 128 7 24 272 94 1 >  - distancia: 2384.98 - carga: 192
Rota 6 : < 1 140 3 14 88 239 63 1 >  - distancia: 2676.59 - carga: 192
Rota 7 : < 1 129 201 70 134 167 78 240 139 64 29 189 68 117 278 257 105 146 178 235 80 236 51 59 60 280 38 142 262 100 126 1 >  - distancia: 4064.36 - carga: 192
Rota 8 : < 1 217 22 90 277 190 164 62 52 61 263 149 203 250 181 243 95 179 237 131 221 210 69 33 153 36 121 184 275 187 1 >  - distancia: 3485.65 - carga: 192
Rota 9 : < 1 222 6 4 245 116 144 202 1 >  - distancia: 2289.34 - carga: 192
Rota 10 : < 1 155 12 17 186 113 123 106 1 >  - distancia: 1553.12 - carga: 192
Rota 11 : < 1 93 5 227 150 188 175 53 177 81 54 231 244 229 84 200 1 >  - distancia: 1717.92 - carga: 192
Rota 12 : < 1 214 13 85 114 253 87 196 182 79 103 169 228 170 74 220 65 41 34 1 >  - distancia: 2807.62 - carga: 192
Rota 13 : < 1 199 15 198 176 161 183 67 112 267 97 274 133 19 270 130 273 138 1 >  - distancia: 2826.76 - carga: 192
Rota 14 : < 1 143 2 25 191 83 185 252 223 107 1 >  - distancia: 2907.61 - carga: 192
Rota 15 : < 1 211 109 224 266 215 242 251 204 136 31 165 8 172 89 247 209 254 234 58 147 249 1 >  - distancia: 3235.3 - carga: 192
Rota 16 : < 1 156 264 148 32 137 55 160 157 145 98 159 195 44 39 115 135 72 56 50 96 37 151 28 168 76 35 57 206 45 102 268 127 194 171 246 77 26 279 66 141 192 48 238 180 49 73 122 27 193 265 259 91 197 1 >  - distancia: 9269.1 - carga: 161
total - 49937.8
optimal_value: 33503
% acima: 49.0546%
Tempo em ms: 889

Demorou  0 ms para ler o arquivo de entrada.
Rota 0 : < 1 190 16 20 137 55 160 201 156 1 >  - distancia: 936.026 - carga: 192
Rota 1 : < 1 33 12 17 186 113 123 237 1 >  - distancia: 1650.24 - carga: 192
Rota 2 : < 1 273 7 24 272 151 28 1 >  - distancia: 2654.34 - carga: 192
Rota 3 : < 1 185 2 14 88 1 >  - distancia: 2596.39 - carga: 192
Rota 4 : < 1 259 21 216 255 214 227 175 53 169 170 218 101 114 87 116 79 144 1 >  - distancia: 2615.15 - carga: 192
Rota 5 : < 1 99 166 75 269 158 261 276 132 163 110 256 125 205 82 108 208 173 86 260 92 111 47 212 193 155 1 >  - distancia: 2954.33 - carga: 170
Rota 6 : < 1 228 4 6 182 196 202 66 222 1 >  - distancia: 2454.38 - carga: 192
Rota 7 : < 1 149 109 224 266 215 242 251 204 136 31 165 258 46 220 65 74 41 59 34 51 225 236 120 146 105 178 247 209 63 239 107 56 72 1 >  - distancia: 3407.35 - carga: 192
Rota 8 : < 1 265 22 90 277 241 104 98 145 159 32 148 264 195 157 154 243 95 217 211 69 232 27 268 127 39 139 115 135 50 249 122 171 231 219 91 1 >  - distancia: 4432.79 - carga: 188
Rota 9 : < 1 64 23 10 71 42 248 37 1 >  - distancia: 2355.93 - carga: 192
Rota 10 : < 1 188 5 13 85 253 26 1 >  - distancia: 1837.84 - carga: 192
Rota 11 : < 1 150 9 18 30 233 207 177 81 54 197 93 1 >  - distancia: 1669.56 - carga: 192
Rota 12 : < 1 112 15 198 176 199 161 183 67 267 97 274 133 44 167 78 240 58 29 147 189 254 96 94 40 1 >  - distancia: 2815 - carga: 192
Rota 13 : < 1 126 100 3 140 252 223 117 278 257 68 226 119 271 235 80 73 1 >  - distancia: 3384.9 - carga: 192
Rota 14 : < 1 11 244 229 84 152 134 129 70 245 103 77 246 279 60 280 89 143 83 48 130 168 275 35 187 138 118 49 180 238 192 1 >  - distancia: 6070.15 - carga: 187
Rota 15 : < 1 191 25 19 270 8 172 141 1 >  - distancia: 3240.18 - carga: 192
Rota 16 : < 1 203 200 263 181 250 61 52 164 62 174 210 179 131 106 221 162 213 124 230 153 36 121 38 142 262 128 76 184 234 43 206 57 45 102 194 1 >  - distancia: 3391.97 - carga: 192
total - 48466.5
optimal_value: 33503
% acima: 44.6632%
Tempo em ms: 877

Demorou  0 ms para ler o arquivo de entrada.
Rota 0 : < 1 149 15 198 176 18 30 233 207 177 81 54 197 93 1 >  - distancia: 1876.61 - carga: 192
Rota 1 : < 1 55 20 137 32 148 201 129 70 152 84 244 200 203 263 181 250 61 277 211 1 >  - distancia: 1885.51 - carga: 192
Rota 2 : < 1 52 16 241 104 98 145 159 157 160 195 156 134 216 255 214 87 116 79 77 26 1 >  - distancia: 2642.03 - carga: 192
Rota 3 : < 1 35 142 38 121 184 128 76 36 153 163 110 256 125 205 82 108 208 173 86 260 92 111 47 212 124 230 221 1 >  - distancia: 3206.45 - carga: 192
Rota 4 : < 1 28 7 37 168 100 126 262 187 162 131 237 174 210 232 69 90 217 190 164 62 265 127 268 194 1 >  - distancia: 3771.17 - carga: 192
Rota 5 : < 1 264 21 13 85 114 91 1 >  - distancia: 1520.73 - carga: 192
Rota 6 : < 1 191 2 25 89 143 141 192 83 48 178 49 180 238 1 >  - distancia: 3472.06 - carga: 187
Rota 7 : < 1 223 3 14 88 105 1 >  - distancia: 2629.6 - carga: 192
Rota 8 : < 1 179 22 9 188 175 53 204 136 31 165 171 231 1 >  - distancia: 2443.06 - carga: 192
Rota 9 : < 1 19 24 272 270 130 151 273 94 245 103 144 279 222 66 219 154 259 1 >  - distancia: 4397.85 - carga: 183
Rota 10 : < 1 235 4 6 182 196 202 1 >  - distancia: 2483.58 - carga: 192
Rota 11 : < 1 12 17 186 113 123 106 155 1 >  - distancia: 1588.79 - carga: 192
Rota 12 : < 1 189 147 29 64 167 78 240 112 267 97 67 183 161 199 215 266 109 224 243 95 166 75 269 158 261 276 132 45 99 33 1 >  - distancia: 3198.1 - carga: 192
Rota 13 : < 1 58 10 71 42 248 234 254 96 56 135 72 50 115 249 44 274 133 139 206 57 213 27 102 138 118 40 43 275 193 1 >  - distancia: 5012.17 - carga: 177
Rota 14 : < 1 23 68 117 278 257 226 119 271 258 46 220 65 74 41 59 34 51 73 1 >  - distancia: 2878.39 - carga: 190
Rota 15 : < 1 229 11 5 227 150 253 246 228 1 >  - distancia: 1781.04 - carga: 192
Rota 16 : < 1 140 8 172 252 185 247 209 63 239 107 146 225 80 236 120 280 60 169 170 218 101 242 251 39 122 1 >  - distancia: 4073.32 - carga: 192
total - 48860.5
optimal_value: 33503
% acima: 45.839%
Tempo em ms: 865

Demorou  0 ms para ler o arquivo de entrada.
Rota 0 : < 1 48 14 24 272 151 273 28 92 94 43 118 275 187 1 >  - distancia: 4104.05 - carga: 192
Rota 1 : < 1 252 8 172 89 143 192 245 77 216 255 214 219 250 181 154 157 212 111 33 265 155 279 73 50 180 238 122 194 259 91 138 1 >  - distancia: 10043.8 - carga: 161
Rota 2 : < 1 142 7 19 270 130 147 249 206 57 47 193 1 >  - distancia: 3427.68 - carga: 192
Rota 3 : < 1 60 59 34 51 225 80 235 258 46 165 31 136 242 251 266 215 229 244 200 203 263 149 61 52 190 164 62 217 211 95 127 268 99 45 100 126 1 >  - distancia: 4242.07 - carga: 192
Rota 4 : < 1 205 17 12 162 186 213 1 >  - distancia: 1889.37 - carga: 192
Rota 5 : < 1 159 16 241 104 98 145 55 160 201 264 148 32 195 70 156 134 1 >  - distancia: 1641.81 - carga: 192
Rota 6 : < 1 129 20 137 21 152 84 1 >  - distancia: 1227.51 - carga: 192
Rota 7 : < 1 141 2 25 191 83 185 247 209 63 96 189 1 >  - distancia: 2920.73 - carga: 192
Rota 8 : < 1 123 113 131 106 221 179 237 174 210 232 69 166 75 269 158 261 102 153 36 121 38 184 128 76 37 168 173 86 260 262 35 1 >  - distancia: 3648.47 - carga: 192
Rota 9 : < 1 243 22 90 277 109 224 199 161 183 67 112 267 97 274 133 44 167 78 240 139 39 116 79 144 66 1 >  - distancia: 3121.1 - carga: 192
Rota 10 : < 1 114 9 5 227 150 246 228 1 >  - distancia: 1998.44 - carga: 192
Rota 11 : < 1 101 218 4 6 182 103 26 1 >  - distancia: 2179.43 - carga: 192
Rota 12 : < 1 226 119 271 117 278 257 68 88 254 234 248 42 71 276 132 163 110 256 125 208 108 82 124 230 27 1 >  - distancia: 3230.72 - carga: 192
Rota 13 : < 1 40 10 23 29 58 64 115 135 72 56 1 >  - distancia: 2593.71 - carga: 192
Rota 14 : < 1 204 11 18 30 233 207 177 81 54 231 53 171 197 1 >  - distancia: 2007.84 - carga: 192
Rota 15 : < 1 107 3 140 223 239 105 146 178 49 74 220 65 41 236 120 280 169 188 175 93 1 >  - distancia: 3507.4 - carga: 192
Rota 16 : < 1 176 15 198 13 85 253 87 196 202 170 222 1 >  - distancia: 2391.74 - carga: 192
total - 54175.9
optimal_value: 33503
% acima: 61.7047%
Tempo em ms: 863

Demorou  0 ms para ler o arquivo de entrada.
Rota 0 : < 1 271 18 30 233 207 177 81 54 231 175 53 169 228 170 74 220 65 41 59 73 1 >  - distancia: 3519.54 - carga: 192
Rota 1 : < 1 182 4 6 245 79 144 1 >  - distancia: 2208.3 - carga: 192
Rota 2 : < 1 172 2 25 191 83 185 247 209 63 122 1 >  - distancia: 2937.85 - carga: 192
Rota 3 : < 1 26 13 9 150 253 114 87 85 214 91 1 >  - distancia: 1910.32 - carga: 192
Rota 4 : < 1 50 226 119 225 80 235 258 46 165 31 136 204 242 251 266 215 243 217 211 179 237 221 174 210 232 69 33 268 127 92 260 1 >  - distancia: 4397.18 - carga: 192
Rota 5 : < 1 78 167 10 19 270 130 89 143 141 192 239 48 94 1 >  - distancia: 3046.81 - carga: 192
Rota 6 : < 1 138 36 153 163 110 256 125 208 108 82 213 124 230 186 113 123 166 75 269 158 261 276 132 45 99 173 86 1 >  - distancia: 3667.59 - carga: 192
Rota 7 : < 1 135 23 29 58 64 115 105 146 178 49 236 51 34 60 280 116 103 77 66 62 265 155 194 193 1 >  - distancia: 5463.75 - carga: 169
Rota 8 : < 1 95 22 90 277 190 52 61 263 149 224 199 161 183 67 112 267 97 274 133 44 240 139 39 101 218 196 202 279 222 1 >  - distancia: 3183.16 - carga: 192
Rota 9 : < 1 205 17 12 162 131 106 27 1 >  - distancia: 1821.5 - carga: 192
Rota 10 : < 1 76 7 24 272 151 275 1 >  - distancia: 2514.08 - carga: 192
Rota 11 : < 1 164 16 241 104 98 145 159 55 160 157 195 47 212 111 100 126 37 168 28 273 96 249 1 >  - distancia: 3762.73 - carga: 192
Rota 12 : < 1 254 14 3 140 107 1 >  - distancia: 2522.25 - carga: 192
Rota 13 : < 1 238 8 252 223 88 257 278 117 56 68 147 189 234 248 42 71 206 121 38 142 262 128 184 1 >  - distancia: 3533.66 - carga: 192
Rota 14 : < 1 134 21 11 244 229 84 152 219 259 1 >  - distancia: 1271.64 - carga: 192
Rota 15 : < 1 109 15 198 176 5 227 188 246 1 >  - distancia: 1822.57 - carga: 192
Rota 16 : < 1 137 20 32 148 264 201 129 70 156 203 200 250 181 154 216 255 171 93 197 57 102 35 187 118 40 43 72 120 180 1 >  - distancia: 4966.59 - carga: 184
total - 52549.5
optimal_value: 33503
% acima: 56.8502%
Tempo em ms: 873

Demorou  0 ms para ler o arquivo de entrada.
Rota 0 : < 1 21 216 255 214 116 79 103 245 77 246 105 146 178 49 280 60 279 222 135 72 56 147 189 249 1 >  - distancia: 4147.39 - carga: 192
Rota 1 : < 1 153 10 23 29 58 64 115 1 >  - distancia: 2268.23 - carga: 192
Rota 2 : < 1 258 7 24 272 275 1 >  - distancia: 2711.39 - carga: 192
Rota 3 : < 1 17 205 125 256 163 110 132 276 19 270 130 247 1 >  - distancia: 2885.48 - carga: 192
Rota 4 : < 1 4 6 182 196 202 170 1 >  - distancia: 2172.33 - carga: 192
Rota 5 : < 1 186 12 162 131 106 221 179 237 113 123 166 75 269 261 1 >  - distancia: 2074.81 - carga: 192
Rota 6 : < 1 194 15 198 176 199 161 183 67 112 267 97 274 133 44 167 78 240 139 271 235 236 51 59 34 73 1 >  - distancia: 2666.54 - carga: 192
Rota 7 : < 1 26 87 114 253 85 169 228 74 225 80 119 226 117 278 68 254 234 248 42 71 206 36 121 38 184 76 1 >  - distancia: 3480.69 - carga: 192
Rota 8 : < 1 159 16 241 104 98 145 32 148 264 195 157 250 61 52 190 164 62 243 95 1 >  - distancia: 1763.45 - carga: 192
Rota 9 : < 1 13 30 233 207 177 81 54 231 244 229 84 152 134 200 203 263 149 91 1 >  - distancia: 2474.08 - carga: 192
Rota 10 : < 1 257 3 14 88 209 63 50 1 >  - distancia: 2624.98 - carga: 192
Rota 11 : < 1 154 20 137 55 160 201 129 70 156 259 181 211 217 127 268 39 171 93 96 94 168 57 118 40 43 35 187 260 193 27 155 138 66 144 1 >  - distancia: 6236.14 - carga: 161
Rota 12 : < 1 197 5 227 150 188 175 53 204 136 31 165 46 220 65 41 120 1 >  - distancia: 2566.03 - carga: 192
Rota 13 : < 1 101 218 2 25 191 83 185 252 238 180 1 >  - distancia: 3103.01 - carga: 192
Rota 14 : < 1 9 18 11 219 1 >  - distancia: 1312.36 - carga: 192
Rota 15 : < 1 265 22 90 277 109 224 266 215 242 251 8 172 140 223 107 239 48 122 1 >  - distancia: 3230.95 - carga: 192
Rota 16 : < 1 212 47 92 111 173 86 108 208 82 213 124 230 174 210 232 69 33 99 158 102 45 128 142 262 100 126 37 151 273 28 89 143 141 192 1 >  - distancia: 4931.89 - carga: 192
total - 50649.7
optimal_value: 33503
% acima: 51.1797%
Tempo em ms: 866

Demorou  0 ms para ler o arquivo de entrada.
Rota 0 : < 1 25 19 270 130 247 209 63 239 223 107 105 146 178 49 74 220 65 41 218 93 1 >  - distancia: 3462.47 - carga: 192
Rota 1 : < 1 140 3 8 172 252 185 191 96 1 >  - distancia: 2867.29 - carga: 192
Rota 2 : < 1 17 186 113 123 131 221 179 237 174 210 232 69 33 99 153 36 121 38 142 1 >  - distancia: 2819.62 - carga: 192
Rota 3 : < 1 192 2 143 89 141 83 37 128 76 184 100 126 262 35 187 47 212 27 155 194 197 259 1 >  - distancia: 4421.89 - carga: 170
Rota 4 : < 1 211 22 18 9 228 1 >  - distancia: 2078.09 - carga: 192
Rota 5 : < 1 205 125 256 163 110 132 276 167 78 240 112 267 97 67 183 161 199 215 266 109 224 243 95 277 190 164 62 265 1 >  - distancia: 2600.51 - carga: 192
Rota 6 : < 1 261 158 269 166 75 268 127 217 90 52 61 263 149 203 250 181 154 160 195 156 175 188 169 101 87 116 79 144 279 120 73 135 72 56 50 249 44 274 133 39 139 122 57 45 102 168 94 43 40 275 138 1 >  - distancia: 7022.31 - carga: 187
Rota 7 : < 1 16 241 104 98 145 159 201 129 70 152 134 216 255 214 53 171 1 >  - distancia: 2323.08 - carga: 192
Rota 8 : < 1 58 23 4 245 66 180 238 1 >  - distancia: 3689.08 - carga: 190
Rota 9 : < 1 137 20 32 148 264 13 85 103 1 >  - distancia: 1961.43 - carga: 192
Rota 10 : < 1 157 55 21 11 244 229 84 200 219 1 >  - distancia: 1503.93 - carga: 192
Rota 11 : < 1 48 14 88 257 278 117 226 119 271 235 225 80 236 51 59 34 60 280 1 >  - distancia: 3106.46 - carga: 192
Rota 12 : < 1 118 42 248 234 254 29 147 189 68 64 115 258 46 165 31 136 204 242 177 81 54 231 233 207 30 114 253 26 91 1 >  - distancia: 3496.59 - carga: 192
Rota 13 : < 1 206 10 71 6 182 196 202 170 222 1 >  - distancia: 2922.21 - carga: 192
Rota 14 : < 1 28 7 24 272 151 273 1 >  - distancia: 2629.99 - carga: 192
Rota 15 : < 1 106 12 162 213 124 230 82 108 208 173 86 260 92 111 193 1 >  - distancia: 2532.88 - carga: 190
Rota 16 : < 1 251 15 198 176 5 227 150 246 77 1 >  - distancia: 2103.68 - carga: 192
total - 51541.5
optimal_value: 33503
% acima: 53.8415%
Tempo em ms: 869

Demorou  0 ms para ler o arquivo de entrada.
Rota 0 : < 1 95 22 90 277 109 211 217 243 266 215 242 136 31 165 258 46 220 65 74 41 59 34 51 73 120 1 >  - distancia: 2912.48 - carga: 192
Rota 1 : < 1 102 10 23 29 58 64 271 50 1 >  - distancia: 2389.09 - carga: 192
Rota 2 : < 1 81 5 227 6 182 202 1 >  - distancia: 2006.92 - carga: 192
Rota 3 : < 1 178 3 14 88 257 56 1 >  - distancia: 2517.76 - carga: 192
Rota 4 : < 1 143 2 25 191 83 185 252 223 107 1 >  - distancia: 2907.61 - carga: 192
Rota 5 : < 1 150 9 18 30 233 207 177 197 204 251 194 1 >  - distancia: 1754.84 - carga: 192
Rota 6 : < 1 224 15 198 176 199 161 183 67 112 267 97 274 133 44 167 78 240 139 117 278 226 72 1 >  - distancia: 2476.99 - carga: 192
Rota 7 : < 1 172 8 24 272 247 209 254 234 248 42 57 126 1 >  - distancia: 3320.19 - carga: 192
Rota 8 : < 1 111 92 212 47 173 86 260 100 36 153 121 38 142 262 128 76 184 37 71 206 68 147 189 96 140 105 146 225 80 49 180 1 >  - distancia: 4478.04 - carga: 192
Rota 9 : < 1 208 108 7 19 270 130 89 48 1 >  - distancia: 2983.66 - carga: 192
Rota 10 : < 1 54 11 21 152 84 229 244 231 93 1 >  - distancia: 1927.95 - carga: 192
Rota 11 : < 1 17 186 113 123 131 221 33 268 127 263 149 61 52 190 164 62 203 200 175 188 169 228 170 218 246 91 1 >  - distancia: 3423.14 - carga: 192
Rota 12 : < 1 99 166 75 269 158 261 276 132 163 110 256 125 205 82 213 124 230 157 195 154 181 219 39 122 239 63 141 192 238 94 168 28 35 187 138 118 40 43 275 193 155 265 259 1 >  - distancia: 6398.55 - carga: 163
Rota 13 : < 1 237 179 174 210 232 69 241 104 98 145 159 32 148 264 129 70 134 216 255 214 85 114 253 87 196 103 1 >  - distancia: 3355.67 - carga: 191
Rota 14 : < 1 13 4 245 116 144 66 1 >  - distancia: 2186.76 - carga: 191
Rota 15 : < 1 250 16 20 137 55 160 201 156 1 >  - distancia: 927.049 - carga: 192
Rota 16 : < 1 106 12 162 27 45 119 235 236 60 280 101 53 171 79 77 26 279 222 135 115 249 151 273 1 >  - distancia: 5213.5 - carga: 192
total - 51180.2
optimal_value: 33503
% acima: 52.7631%
Tempo em ms: 866

Demorou  0 ms para ler o arquivo de entrada.
Rota 0 : < 1 55 20 16 241 104 98 154 1 >  - distancia: 868.525 - carga: 192
Rota 1 : < 1 144 4 6 182 196 202 246 93 197 1 >  - distancia: 2105.23 - carga: 192
Rota 2 : < 1 250 263 149 109 224 199 161 67 112 267 97 274 133 44 167 78 240 276 132 163 110 256 125 205 82 108 193 260 262 1 >  - distancia: 2832.01 - carga: 192
Rota 3 : < 1 279 74 220 65 41 59 34 51 225 80 119 271 235 258 46 117 278 257 68 29 58 64 115 254 96 189 121 184 128 76 275 1 >  - distancia: 4095.19 - carga: 192
Rota 4 : < 1 200 11 18 30 233 207 177 54 231 244 229 194 1 >  - distancia: 1757.11 - carga: 192
Rota 5 : < 1 101 218 175 188 53 204 242 251 266 215 243 95 166 123 179 237 221 162 174 210 232 69 33 99 269 158 261 102 153 100 1 >  - distancia: 3703.66 - carga: 192
Rota 6 : < 1 178 3 2 143 239 1 >  - distancia: 2766.47 - carga: 192
Rota 7 : < 1 183 15 198 176 22 90 277 190 164 62 52 61 181 134 255 214 91 39 139 206 57 45 126 1 >  - distancia: 3816.29 - carga: 192
Rota 8 : < 1 81 5 9 150 227 216 219 1 >  - distancia: 1480.84 - carga: 192
Rota 9 : < 1 50 226 7 19 270 130 151 273 38 1 >  - distancia: 2925.8 - carga: 192
Rota 10 : < 1 171 136 31 165 170 236 120 280 60 36 142 35 173 86 208 47 212 92 111 124 213 27 75 268 127 217 211 157 160 156 222 66 73 180 1 >  - distancia: 6592.38 - carga: 162
Rota 11 : < 1 14 24 272 247 209 88 223 238 1 >  - distancia: 2917.67 - carga: 192
Rota 12 : < 1 259 21 152 84 203 201 129 70 264 148 32 137 195 145 159 265 1 >  - distancia: 2033.78 - carga: 192
Rota 13 : < 1 147 23 10 71 42 248 234 43 40 1 >  - distancia: 2408.28 - carga: 192
Rota 14 : < 1 131 12 17 186 113 106 155 1 >  - distancia: 1641.82 - carga: 192
Rota 15 : < 1 105 8 25 191 83 185 252 140 172 89 141 192 146 49 107 63 1 >  - distancia: 3840.1 - carga: 192
Rota 16 : < 1 228 169 13 85 114 253 87 116 79 103 245 77 26 37 168 28 94 48 56 135 72 249 122 118 138 187 230 1 >  - distancia: 5516.99 - carga: 191
total - 51302.2
optimal_value: 33503
% acima: 53.1271%
Tempo em ms: 869

Demorou  0 ms para ler o arquivo de entrada.
Rota 0 : < 1 29 23 2 143 89 48 1 >  - distancia: 2722.13 - carga: 192
Rota 1 : < 1 5 9 150 227 188 53 171 93 1 >  - distancia: 1711.11 - carga: 192
Rota 2 : < 1 182 4 6 196 202 170 1 >  - distancia: 2172.24 - carga: 192
Rota 3 : < 1 167 78 10 19 270 130 247 209 254 234 1 >  - distancia: 2608.86 - carga: 192
Rota 4 : < 1 60 8 25 191 83 185 252 140 172 141 192 151 273 28 189 147 96 56 50 49 1 >  - distancia: 4435.5 - carga: 192
Rota 5 : < 1 91 13 18 30 233 207 177 81 54 197 1 >  - distancia: 1519.7 - carga: 192
Rota 6 : < 1 77 87 114 253 85 169 228 175 101 218 236 120 280 279 222 200 70 156 195 154 211 90 265 213 27 99 45 268 127 39 139 249 94 43 40 118 138 193 231 194 122 73 180 63 66 144 26 1 >  - distancia: 9217.89 - carga: 161
Rota 7 : < 1 65 220 74 41 59 34 51 225 80 235 258 46 165 31 136 204 242 112 267 97 274 133 44 240 276 132 163 110 153 1 >  - distancia: 3341.86 - carga: 192
Rota 8 : < 1 181 263 149 109 224 266 215 243 95 166 75 269 158 261 102 256 125 205 82 108 208 173 86 260 92 111 47 212 124 230 155 1 >  - distancia: 2917.48 - carga: 192
Rota 9 : < 1 272 24 7 37 168 275 1 >  - distancia: 2515.69 - carga: 192
Rota 10 : < 1 79 116 245 103 246 216 255 214 129 201 264 148 32 137 55 160 159 174 210 179 232 69 277 190 164 62 52 61 250 203 1 >  - distancia: 3747.15 - carga: 192
Rota 11 : < 1 217 22 12 162 131 106 221 237 33 1 >  - distancia: 1556.83 - carga: 192
Rota 12 : < 1 20 16 241 104 98 145 157 1 >  - distancia: 751.759 - carga: 192
Rota 13 : < 1 251 15 198 176 199 161 183 67 17 186 113 123 1 >  - distancia: 2030.35 - carga: 192
Rota 14 : < 1 257 3 14 88 223 238 1 >  - distancia: 2724.07 - carga: 192
Rota 15 : < 1 259 21 11 244 229 84 152 134 219 1 >  - distancia: 1323.73 - carga: 192
Rota 16 : < 1 271 119 226 117 278 68 58 64 115 135 72 105 146 178 107 239 248 42 71 206 36 121 38 142 262 128 76 184 100 126 35 187 57 1 >  - distancia: 4257.01 - carga: 192
total - 49553.3
optimal_value: 33503
% acima: 47.9072%
Tempo em ms: 860

Demorou  0 ms para ler o arquivo de entrada.
Rota 0 : < 1 168 7 24 272 270 43 1 >  - distancia: 2480.82 - carga: 192
Rota 1 : < 1 180 146 105 178 80 236 51 59 34 60 280 74 220 65 41 258 46 165 31 136 204 242 112 274 97 44 240 139 177 81 54 231 134 1 >  - distancia: 3947.83 - carga: 192
Rota 2 : < 1 261 158 269 276 132 163 110 256 125 205 82 108 208 193 213 124 230 162 131 221 179 237 174 210 232 69 166 1 >  - distancia: 2792.34 - carga: 192
Rota 3 : < 1 86 173 92 111 47 212 260 114 253 87 196 202 116 79 245 218 246 77 216 214 219 39 171 93 197 154 259 27 265 194 122 48 238 73 26 91 40 118 1 >  - distancia: 10058.9 - carga: 161
Rota 4 : < 1 187 19 25 191 83 185 252 140 172 141 192 169 228 170 279 222 66 1 >  - distancia: 4006.66 - carga: 192
Rota 5 : < 1 156 201 129 137 55 160 157 145 159 32 148 195 203 200 266 215 243 95 217 211 149 263 181 250 61 52 190 164 62 75 268 127 33 99 45 102 57 189 147 96 56 72 50 249 1 >  - distancia: 4169.06 - carga: 192
Rota 6 : < 1 264 20 16 241 104 98 1 >  - distancia: 737.798 - carga: 192
Rota 7 : < 1 223 3 14 88 257 49 1 >  - distancia: 2709.29 - carga: 192
Rota 8 : < 1 251 15 198 176 22 90 277 109 224 199 161 183 67 267 133 1 >  - distancia: 2077.98 - carga: 192
Rota 9 : < 1 106 12 17 186 113 123 155 1 >  - distancia: 1649.07 - carga: 192
Rota 10 : < 1 70 21 11 244 229 84 152 1 >  - distancia: 1110.65 - carga: 192
Rota 11 : < 1 235 271 119 226 117 278 68 254 234 248 42 71 206 153 36 121 38 142 262 128 76 184 37 151 273 28 100 126 35 138 94 130 275 1 >  - distancia: 4770.13 - carga: 192
Rota 12 : < 1 85 13 9 150 227 188 175 53 1 >  - distancia: 1710.05 - carga: 192
Rota 13 : < 1 101 5 18 30 233 207 255 1 >  - distancia: 1606.5 - carga: 192
Rota 14 : < 1 78 167 10 23 29 58 1 >  - distancia: 2037.07 - carga: 192
Rota 15 : < 1 8 2 143 89 247 209 63 239 107 64 115 135 1 >  - distancia: 3128.8 - carga: 192
Rota 16 : < 1 120 225 4 6 182 103 144 1 >  - distancia: 2666.39 - carga: 192
total - 51659.3
optimal_value: 33503
% acima: 54.1931%
Tempo em ms: 877

Demorou  0 ms para ler o arquivo de entrada.
Rota 0 : < 1 242 15 198 176 199 161 183 67 112 267 97 274 133 44 167 78 240 139 115 135 72 56 236 120 280 60 73 1 >  - distancia: 2979.17 - carga: 192
Rota 1 : < 1 45 7 25 191 83 185 247 209 238 1 >  - distancia: 3035.76 - carga: 192
Rota 2 : < 1 69 20 137 55 160 201 129 70 264 148 195 157 154 174 210 232 237 33 99 268 90 217 211 265 27 155 1 >  - distancia: 3509 - carga: 192
Rota 3 : < 1 31 136 204 251 266 215 109 224 243 95 277 190 164 62 52 61 263 149 203 250 181 81 175 188 169 228 170 196 202 114 77 26 91 66 1 >  - distancia: 4464.07 - carga: 192
Rota 4 : < 1 246 9 5 227 150 253 218 1 >  - distancia: 2012.27 - carga: 192
Rota 5 : < 1 182 13 18 30 233 207 177 54 231 197 1 >  - distancia: 2141.25 - carga: 192
Rota 6 : < 1 63 14 3 105 146 178 49 1 >  - distancia: 2641.83 - carga: 192
Rota 7 : < 1 122 2 8 172 252 140 223 107 239 143 1 >  - distancia: 3243.05 - carga: 192
Rota 8 : < 1 108 208 125 205 82 213 124 230 162 131 106 123 166 75 269 158 261 276 132 163 110 256 153 36 121 43 1 >  - distancia: 3363.18 - carga: 192
Rota 9 : < 1 65 220 74 41 59 34 51 225 80 119 226 117 278 257 88 254 234 58 29 147 189 64 271 235 258 46 165 101 93 1 >  - distancia: 3361.89 - carga: 192
Rota 10 : < 1 270 19 24 272 151 273 38 142 262 128 76 184 275 35 187 138 1 >  - distancia: 2997.54 - carga: 192
Rota 11 : < 1 4 6 245 116 103 1 >  - distancia: 2122.26 - carga: 192
Rota 12 : < 1 200 21 11 244 229 84 152 219 1 >  - distancia: 1456.9 - carga: 192
Rota 13 : < 1 68 23 10 71 42 248 40 118 57 1 >  - distancia: 2379.32 - carga: 192
Rota 14 : < 1 179 12 17 186 113 221 1 >  - distancia: 1560.54 - carga: 192
Rota 15 : < 1 92 111 47 212 173 86 260 100 126 37 168 89 141 192 48 96 94 206 102 39 53 85 87 79 144 216 255 214 134 156 259 171 279 222 249 50 180 130 28 193 1 >  - distancia: 8318.37 - carga: 161
Rota 16 : < 1 127 22 16 241 104 98 145 159 32 194 1 >  - distancia: 2100.49 - carga: 192
total - 51686.9
optimal_value: 33503
% acima: 54.2754%
Tempo em ms: 866

Demorou  0 ms para ler o arquivo de entrada.
Rota 0 : < 1 19 24 8 238 48 1 >  - distancia: 3026.76 - carga: 192
Rota 1 : < 1 135 271 4 6 182 103 144 1 >  - distancia: 2674.96 - carga: 192
Rota 2 : < 1 128 121 38 142 262 36 153 163 110 256 125 205 82 108 208 173 86 260 92 111 47 212 100 126 76 35 187 57 102 1 >  - distancia: 3775.97 - carga: 192
Rota 3 : < 1 234 10 71 42 248 37 168 272 94 206 45 196 202 116 79 245 218 101 171 231 41 73 1 >  - distancia: 5197.98 - carga: 192
Rota 4 : < 1 274 112 15 198 176 199 161 183 67 267 97 242 251 204 136 31 165 258 46 220 1 >  - distancia: 2653.76 - carga: 192
Rota 5 : < 1 159 16 241 104 98 145 157 160 250 263 149 61 52 190 164 62 217 211 203 200 216 214 91 1 >  - distancia: 2170.1 - carga: 192
Rota 6 : < 1 49 3 14 88 257 56 72 1 >  - distancia: 2526.2 - carga: 192
Rota 7 : < 1 89 2 25 191 83 185 252 223 1 >  - distancia: 2942.78 - carga: 192
Rota 8 : < 1 134 21 18 30 233 207 255 219 259 1 >  - distancia: 1300.37 - carga: 192
Rota 9 : < 1 152 11 5 227 188 175 53 93 1 >  - distancia: 1512.81 - carga: 192
Rota 10 : < 1 13 9 150 253 114 87 85 246 77 1 >  - distancia: 1957.76 - carga: 192
Rota 11 : < 1 55 20 137 264 148 32 195 201 129 70 84 229 244 81 177 54 197 50 1 >  - distancia: 2631.56 - carga: 192
Rota 12 : < 1 17 12 162 131 106 221 237 27 1 >  - distancia: 1767.44 - carga: 192
Rota 13 : < 1 184 7 151 273 270 130 247 209 63 239 140 172 143 141 192 105 146 178 107 65 222 1 >  - distancia: 3748.68 - carga: 192
Rota 14 : < 1 29 23 58 147 189 254 96 68 117 278 226 119 225 80 235 236 51 59 120 1 >  - distancia: 2963.8 - carga: 192
Rota 15 : < 1 115 64 167 78 240 276 132 269 158 261 166 123 113 186 213 124 230 193 138 28 275 118 40 43 249 139 122 60 280 34 279 66 26 156 154 181 194 265 155 180 1 >  - distancia: 7802.88 - carga: 161
Rota 16 : < 1 99 22 90 277 109 224 266 215 243 95 179 174 210 232 69 33 75 268 127 44 133 39 169 228 170 74 1 >  - distancia: 3779.24 - carga: 192
total - 52433.1
optimal_value: 33503
% acima: 56.5026%
Tempo em ms: 861

Demorou  0 ms para ler o arquivo de entrada.
Rota 0 : < 1 278 14 2 143 28 275 1 >  - distancia: 2866.32 - carga: 192
Rota 1 : < 1 18 5 227 188 175 53 54 197 1 >  - distancia: 1537.48 - carga: 192
Rota 2 : < 1 215 15 198 176 11 244 229 84 152 134 129 157 1 >  - distancia: 1556.57 - carga: 192
Rota 3 : < 1 234 7 24 272 94 1 >  - distancia: 2353.53 - carga: 192
Rota 4 : < 1 90 22 16 241 104 98 145 159 32 1 >  - distancia: 1173.29 - carga: 192
Rota 5 : < 1 30 13 9 150 253 114 87 77 26 1 >  - distancia: 1730.5 - carga: 192
Rota 6 : < 1 218 101 4 6 182 103 144 1 >  - distancia: 2326.61 - carga: 192
Rota 7 : < 1 36 153 163 110 256 125 205 82 108 208 173 86 260 47 212 124 213 27 100 126 35 187 57 242 204 171 231 216 214 70 259 154 1 >  - distancia: 4565.53 - carga: 192
Rota 8 : < 1 111 92 12 17 186 113 1 >  - distancia: 2154 - carga: 192
Rota 9 : < 1 206 10 19 270 130 89 141 192 56 135 72 50 115 249 139 122 168 40 118 43 138 193 230 1 >  - distancia: 4411.37 - carga: 188
Rota 10 : < 1 112 274 133 44 167 78 240 276 132 269 158 261 102 45 99 75 268 127 277 190 164 62 52 61 263 149 203 200 177 81 233 207 85 246 255 1 >  - distancia: 3444.34 - carga: 192
Rota 11 : < 1 64 23 25 191 83 185 247 209 63 48 146 49 280 60 73 180 1 >  - distancia: 3585.14 - carga: 192
Rota 12 : < 1 39 21 20 137 55 160 201 156 195 1 >  - distancia: 1886.39 - carga: 191
Rota 13 : < 1 107 3 8 172 252 140 223 239 105 178 1 >  - distancia: 2911.42 - carga: 192
Rota 14 : < 1 34 59 51 225 80 119 226 117 257 68 88 254 29 58 147 189 96 248 42 71 121 38 142 262 128 76 184 37 151 273 1 >  - distancia: 3980.77 - carga: 192
Rota 15 : < 1 46 258 271 235 236 120 74 220 65 41 169 228 170 196 202 116 79 245 279 222 148 264 250 181 211 217 265 155 219 91 93 66 238 1 >  - distancia: 7247.32 - carga: 166
Rota 16 : < 1 97 267 67 183 161 199 266 109 224 243 95 166 123 131 106 221 179 237 162 174 210 232 69 33 136 31 165 251 194 1 >  - distancia: 3278.2 - carga: 192
total - 51008.8
optimal_value: 33503
% acima: 52.2514%
Tempo em ms: 875

Demorou  1 ms para ler o arquivo de entrada.
Rota 0 : < 1 53 5 9 150 227 188 246 1 >  - distancia: 1735.04 - carga: 192
Rota 1 : < 1 103 13 18 30 233 207 177 81 1 >  - distancia: 1893.73 - carga: 192
Rota 2 : < 1 240 139 64 117 278 257 68 88 254 234 248 42 71 206 153 36 121 38 142 262 128 76 184 37 168 100 126 92 111 260 35 1 >  - distancia: 4205.73 - carga: 192
Rota 3 : < 1 143 2 25 191 83 185 247 209 239 107 1 >  - distancia: 2981.45 - carga: 192
Rota 4 : < 1 171 136 31 165 101 218 114 253 85 87 196 182 79 77 216 255 214 70 148 32 137 55 160 157 159 52 61 250 154 190 164 62 265 1 >  - distancia: 3946.33 - carga: 192
Rota 5 : < 1 195 20 16 241 104 98 145 1 >  - distancia: 730.691 - carga: 192
Rota 6 : < 1 63 14 3 105 146 178 49 1 >  - distancia: 2641.83 - carga: 192
Rota 7 : < 1 15 198 176 161 183 67 112 267 97 274 133 44 39 243 95 217 211 149 263 203 200 129 201 264 156 1 >  - distancia: 2136.01 - carga: 192
Rota 8 : < 1 181 21 11 244 229 84 152 134 259 1 >  - distancia: 1366.78 - carga: 192
Rota 9 : < 1 237 179 174 210 232 162 131 221 166 75 269 158 261 276 132 163 110 256 125 205 82 108 208 173 86 1 >  - distancia: 2923.81 - carga: 192
Rota 10 : < 1 46 258 271 235 225 80 236 51 59 34 60 280 120 73 135 72 56 50 115 249 96 94 57 45 99 33 69 213 124 47 212 27 268 127 102 138 187 275 118 40 43 48 238 180 122 93 26 155 193 1 >  - distancia: 8411.4 - carga: 161
Rota 11 : < 1 273 7 24 272 151 28 1 >  - distancia: 2654.34 - carga: 192
Rota 12 : < 1 78 167 10 23 29 58 1 >  - distancia: 2037.07 - carga: 192
Rota 13 : < 1 66 6 4 245 116 144 202 1 >  - distancia: 2171.29 - carga: 192
Rota 14 : < 1 194 199 22 90 277 109 224 266 215 242 251 204 175 169 228 170 74 220 65 41 279 222 54 231 197 219 91 1 >  - distancia: 3315.56 - carga: 192
Rota 15 : < 1 230 12 17 186 113 123 106 1 >  - distancia: 1742.69 - carga: 192
Rota 16 : < 1 226 119 8 172 252 140 19 270 130 89 141 192 223 189 147 1 >  - distancia: 3480.15 - carga: 192
total - 48373.9
optimal_value: 33503
% acima: 44.3868%
Tempo em ms: 925

Demorou  1 ms para ler o arquivo de entrada.
Rota 0 : < 1 77 114 253 85 169 228 170 74 220 65 41 236 51 34 60 280 146 105 178 68 29 58 64 115 254 234 43 189 147 96 239 107 143 141 192 238 49 66 1 >  - distancia: 5146.55 - carga: 192
Rota 1 : < 1 155 12 17 186 113 123 106 1 >  - distancia: 1553.12 - carga: 192
Rota 2 : < 1 184 121 38 142 262 36 153 163 110 256 125 205 82 108 208 173 86 260 92 111 47 212 124 213 131 1 >  - distancia: 3179.12 - carga: 192
Rota 3 : < 1 148 264 201 129 70 156 203 263 149 61 52 250 181 134 216 255 214 116 79 245 218 101 279 222 135 50 120 73 195 154 259 144 275 187 193 230 1 >  - distancia: 7148.81 - carga: 161
Rota 4 : < 1 89 2 25 191 83 185 247 209 63 48 1 >  - distancia: 3022.01 - carga: 192
Rota 5 : < 1 24 19 270 130 151 273 28 272 94 57 45 99 33 69 232 90 211 127 102 249 122 1 >  - distancia: 4084.8 - carga: 192
Rota 6 : < 1 168 7 37 128 76 100 126 276 132 269 158 261 167 78 240 139 206 138 1 >  - distancia: 3245.18 - carga: 192
Rota 7 : < 1 59 8 172 252 140 223 117 278 226 119 225 80 235 258 46 165 31 136 194 1 >  - distancia: 3161.01 - carga: 192
Rota 8 : < 1 277 22 15 198 176 199 161 183 67 112 267 97 274 133 44 39 1 >  - distancia: 1877.96 - carga: 192
Rota 9 : < 1 137 20 32 55 160 157 145 98 159 174 210 179 237 221 162 27 166 75 268 243 95 217 265 1 >  - distancia: 2006.4 - carga: 192
Rota 10 : < 1 54 5 9 150 227 188 246 26 1 >  - distancia: 1767.92 - carga: 192
Rota 11 : < 1 87 13 18 30 233 207 177 197 231 219 91 1 >  - distancia: 2060.77 - carga: 192
Rota 12 : < 1 180 3 14 88 257 56 72 1 >  - distancia: 2586.69 - carga: 192
Rota 13 : < 1 104 16 241 164 62 190 109 224 266 215 242 251 204 81 175 53 93 1 >  - distancia: 1970.24 - carga: 192
Rota 14 : < 1 271 23 10 71 42 248 40 118 35 1 >  - distancia: 2608.01 - carga: 192
Rota 15 : < 1 171 11 21 152 84 229 244 200 1 >  - distancia: 1788 - carga: 192
Rota 16 : < 1 202 4 6 182 196 103 1 >  - distancia: 2117.03 - carga: 192
total - 49323.6
optimal_value: 33503
% acima: 47.2215%
Tempo em ms: 922

Demorou  0 ms para ler o arquivo de entrada.
Rota 0 : < 1 18 9 150 227 188 175 53 204 136 194 1 >  - distancia: 1793.21 - carga: 192
Rota 1 : < 1 59 8 25 191 83 185 252 140 172 89 143 141 192 238 180 49 222 66 1 >  - distancia: 4041.52 - carga: 189
Rota 2 : < 1 97 267 112 15 198 176 199 161 183 67 274 133 44 240 58 29 147 189 64 115 249 179 174 155 1 >  - distancia: 2838.92 - carga: 192
Rota 3 : < 1 129 20 16 241 104 243 1 >  - distancia: 1250.17 - carga: 192
Rota 4 : < 1 110 163 7 19 270 130 151 273 28 168 94 1 >  - distancia: 2743.74 - carga: 192
Rota 5 : < 1 103 4 6 182 196 202 1 >  - distancia: 2046.25 - carga: 192
Rota 6 : < 1 244 11 81 177 54 231 233 207 30 253 87 116 79 245 144 201 264 137 259 1 >  - distancia: 2603.26 - carga: 192
Rota 7 : < 1 120 225 3 2 1 >  - distancia: 2731.99 - carga: 192
Rota 8 : < 1 197 5 13 85 114 246 77 26 1 >  - distancia: 1908.36 - carga: 192
Rota 9 : < 1 134 21 152 84 229 200 203 263 149 61 52 190 164 62 98 145 159 32 195 160 1 >  - distancia: 1537.99 - carga: 192
Rota 10 : < 1 78 167 10 24 272 247 1 >  - distancia: 2425.69 - carga: 192
Rota 11 : < 1 162 12 17 186 213 124 230 193 1 >  - distancia: 1976.53 - carga: 192
Rota 12 : < 1 135 23 14 88 257 278 68 1 >  - distancia: 2386.21 - carga: 192
Rota 13 : < 1 237 22 90 277 109 224 266 215 242 251 39 256 125 205 82 108 208 173 86 260 111 1 >  - distancia: 3302.8 - carga: 192
Rota 14 : < 1 122 31 165 101 218 169 228 170 279 51 34 60 280 73 72 50 148 55 157 250 181 70 156 216 255 214 219 95 217 211 127 268 57 206 139 171 93 91 154 265 27 35 187 138 118 40 43 275 1 >  - distancia: 8514.84 - carga: 164
Rota 15 : < 1 258 46 220 65 74 41 236 80 119 226 117 56 271 235 105 146 178 223 107 239 209 63 48 100 126 92 212 47 210 232 69 33 99 45 102 1 >  - distancia: 4689.6 - carga: 192
Rota 16 : < 1 221 106 131 113 123 166 75 269 158 261 276 132 153 36 121 38 142 262 128 76 184 37 248 42 71 234 254 96 1 >  - distancia: 3049.07 - carga: 192
total - 49840.1
optimal_value: 33503
% acima: 48.7632%
Tempo em ms: 940

Demorou  0 ms para ler o arquivo de entrada.
Rota 0 : < 1 205 125 256 163 110 132 276 167 78 240 112 267 97 67 161 199 215 266 242 251 204 136 31 165 122 1 >  - distancia: 2926.56 - carga: 192
Rota 1 : < 1 46 5 18 30 233 207 214 1 >  - distancia: 1822.96 - carga: 192
Rota 2 : < 1 145 16 20 137 55 160 201 259 1 >  - distancia: 882.674 - carga: 192
Rota 3 : < 1 270 19 25 191 83 185 247 48 89 151 273 28 94 239 107 63 130 206 139 171 93 181 194 120 73 49 1 >  - distancia: 6152.19 - carga: 192
Rota 4 : < 1 147 23 29 58 64 115 258 220 65 74 41 169 228 170 218 101 177 81 231 1 >  - distancia: 2850.44 - carga: 192
Rota 5 : < 1 17 12 162 131 106 221 237 27 1 >  - distancia: 1767.44 - carga: 192
Rota 6 : < 1 209 14 2 143 141 192 238 1 >  - distancia: 2814.51 - carga: 192
Rota 7 : < 1 178 3 8 172 252 140 223 88 257 1 >  - distancia: 2762.92 - carga: 192
Rota 8 : < 1 248 10 71 42 234 254 96 68 117 278 56 135 72 50 189 249 44 274 133 39 54 197 255 216 156 1 >  - distancia: 3325.53 - carga: 192
Rota 9 : < 1 222 21 11 244 229 84 152 134 219 1 >  - distancia: 2384.06 - carga: 192
Rota 10 : < 1 275 38 121 184 128 76 142 262 35 173 86 108 208 82 213 124 230 113 179 174 210 232 69 241 104 98 159 32 154 1 >  - distancia: 3199.34 - carga: 192
Rota 11 : < 1 146 105 226 119 271 235 225 80 236 51 59 34 60 280 245 79 103 87 114 253 246 202 279 77 26 91 144 66 180 138 187 155 1 >  - distancia: 6028.47 - carga: 161
Rota 12 : < 1 85 13 9 150 227 188 175 53 1 >  - distancia: 1710.05 - carga: 192
Rota 13 : < 1 183 15 198 176 22 90 277 109 224 243 95 166 123 186 1 >  - distancia: 2273.63 - carga: 192
Rota 14 : < 1 196 4 6 182 116 1 >  - distancia: 2097.09 - carga: 192
Rota 15 : < 1 126 100 36 153 269 158 261 102 45 99 75 268 127 217 211 149 263 203 200 129 70 264 148 195 157 250 61 52 190 164 62 265 33 92 111 47 212 260 193 57 118 40 1 >  - distancia: 5235.81 - carga: 192
Rota 16 : < 1 272 24 7 37 168 43 1 >  - distancia: 2480.66 - carga: 192
total - 50714.3
optimal_value: 33503
% acima: 51.3725%
Tempo em ms: 954

Demorou  0 ms para ler o arquivo de entrada.
Rota 0 : < 1 91 13 9 150 227 188 175 53 101 93 1 >  - distancia: 1835.69 - carga: 192
Rota 1 : < 1 127 22 90 277 109 211 217 243 95 266 215 242 251 204 136 31 165 258 46 220 65 74 41 73 1 >  - distancia: 2982.12 - carga: 192
Rota 2 : < 1 209 14 24 272 151 273 28 212 193 1 >  - distancia: 3088.1 - carga: 188
Rota 3 : < 1 59 4 6 182 196 202 1 >  - distancia: 2473.51 - carga: 192
Rota 4 : < 1 149 16 20 137 55 160 201 156 1 >  - distancia: 1022.91 - carga: 192
Rota 5 : < 1 84 21 11 244 229 152 134 219 197 1 >  - distancia: 1815.1 - carga: 192
Rota 6 : < 1 108 208 125 256 163 110 132 276 153 36 121 38 142 262 128 76 184 37 248 42 71 234 254 96 94 43 40 118 35 187 138 33 268 1 >  - distancia: 3780.97 - carga: 192
Rota 7 : < 1 29 23 19 270 130 141 192 178 49 180 238 139 122 194 265 155 259 66 1 >  - distancia: 5398.43 - carga: 166
Rota 8 : < 1 173 86 82 213 124 230 186 113 123 166 75 269 158 261 102 45 99 179 237 221 174 210 232 69 241 104 98 145 159 157 154 1 >  - distancia: 3228.54 - carga: 192
Rota 9 : < 1 224 15 198 176 199 161 183 67 112 267 97 274 133 44 167 78 206 57 100 126 92 111 47 260 1 >  - distancia: 2845.86 - carga: 192
Rota 10 : < 1 64 58 147 189 249 115 135 72 56 50 81 54 231 200 203 263 181 250 61 52 190 164 62 129 70 264 148 32 195 216 255 214 79 103 245 279 246 171 39 1 >  - distancia: 5678.15 - carga: 192
Rota 11 : < 1 26 5 18 30 233 207 177 1 >  - distancia: 1735.14 - carga: 192
Rota 12 : < 1 83 2 25 191 247 185 89 143 1 >  - distancia: 3096.88 - carga: 191
Rota 13 : < 1 205 17 12 162 131 106 27 1 >  - distancia: 1821.5 - carga: 192
Rota 14 : < 1 120 225 80 119 226 117 278 257 68 88 105 271 235 236 51 34 60 280 169 228 170 218 114 253 85 87 116 144 77 1 >  - distancia: 4013.61 - carga: 192
Rota 15 : < 1 146 3 8 172 252 140 223 107 239 48 63 222 1 >  - distancia: 3175.37 - carga: 192
Rota 16 : < 1 240 10 7 168 275 1 >  - distancia: 2264.51 - carga: 192
total - 50256.4
optimal_value: 33503
% acima: 50.0056%
Tempo em ms: 957

Demorou  0 ms para ler o arquivo de entrada.
Rota 0 : < 1 96 23 24 272 270 130 151 273 28 37 128 1 >  - distancia: 2849.59 - carga: 192
Rota 1 : < 1 150 9 13 85 114 253 87 103 1 >  - distancia: 1910.38 - carga: 192
Rota 2 : < 1 163 110 256 125 205 82 108 208 173 86 260 92 111 47 212 124 213 186 113 123 166 75 268 179 210 1 >  - distancia: 2905.55 - carga: 192
Rota 3 : < 1 182 196 202 79 77 246 146 178 49 254 189 147 248 42 71 206 57 100 126 184 76 275 94 239 48 135 72 120 73 39 274 133 139 249 99 45 102 127 211 181 154 157 259 194 155 230 193 138 118 43 180 1 >  - distancia: 9478.2 - carga: 161
Rota 4 : < 1 17 12 162 131 106 221 237 27 1 >  - distancia: 1767.44 - carga: 192
Rota 5 : < 1 93 175 188 227 177 81 54 231 233 207 214 200 203 263 149 109 224 243 95 277 190 164 62 52 61 250 264 148 174 232 69 90 217 265 1 >  - distancia: 3558.76 - carga: 192
Rota 6 : < 1 30 18 11 244 229 84 152 134 129 156 195 1 >  - distancia: 1381.16 - carga: 192
Rota 7 : < 1 44 167 78 240 19 25 191 83 185 247 209 88 257 56 50 1 >  - distancia: 2902.13 - carga: 192
Rota 8 : < 1 258 46 165 31 136 204 242 251 266 215 199 161 183 67 269 158 261 276 132 153 36 121 38 142 262 35 187 1 >  - distancia: 3269.39 - carga: 192
Rota 9 : < 1 238 8 2 143 89 172 141 192 223 107 105 1 >  - distancia: 3163.8 - carga: 192
Rota 10 : < 1 5 21 216 255 219 197 1 >  - distancia: 1815.03 - carga: 192
Rota 11 : < 1 33 22 16 241 104 98 145 159 32 1 >  - distancia: 1380.07 - carga: 192
Rota 12 : < 1 63 14 3 140 252 1 >  - distancia: 2632.29 - carga: 192
Rota 13 : < 1 66 6 4 245 116 144 26 91 222 122 1 >  - distancia: 3005.15 - carga: 192
Rota 14 : < 1 170 169 228 218 101 53 171 271 119 226 117 278 68 29 58 64 115 225 80 235 236 51 59 34 60 280 74 220 65 41 279 1 >  - distancia: 3999.63 - carga: 192
Rota 15 : < 1 97 267 112 15 198 176 20 137 55 160 201 70 1 >  - distancia: 1700.76 - carga: 192
Rota 16 : < 1 234 10 7 168 40 1 >  - distancia: 2340.44 - carga: 192
total - 50059.8
optimal_value: 33503
% acima: 49.4187%
Tempo em ms: 928

Demorou  0 ms para ler o arquivo de entrada.
Rota 0 : < 1 268 22 15 198 176 11 255 1 >  - distancia: 1734.49 - carga: 192
Rota 1 : < 1 193 108 17 12 162 131 106 1 >  - distancia: 1864.79 - carga: 192
Rota 2 : < 1 56 117 278 257 68 88 276 132 269 158 261 166 123 113 179 237 221 174 210 232 69 241 104 98 145 159 157 195 259 1 >  - distancia: 3352.31 - carga: 192
Rota 3 : < 1 76 128 121 38 142 262 36 153 163 110 256 125 205 82 208 173 86 260 92 111 47 212 124 213 186 27 230 1 >  - distancia: 3350 - carga: 192
Rota 4 : < 1 209 14 2 143 141 192 238 1 >  - distancia: 2814.51 - carga: 192
Rota 5 : < 1 24 7 37 184 275 118 1 >  - distancia: 2449.51 - carga: 192
Rota 6 : < 1 258 21 152 84 229 244 81 177 54 231 233 207 30 214 219 194 1 >  - distancia: 3078.11 - carga: 192
Rota 7 : < 1 66 6 4 245 116 144 202 1 >  - distancia: 2171.29 - carga: 192
Rota 8 : < 1 40 10 71 42 248 234 43 167 78 240 112 267 97 67 183 161 199 215 1 >  - distancia: 2394.51 - carga: 192
Rota 9 : < 1 58 23 29 147 189 254 96 64 115 31 136 204 242 251 266 109 224 243 217 1 >  - distancia: 2637.18 - carga: 192
Rota 10 : < 1 3 8 172 252 140 178 49 180 120 73 279 222 171 93 197 139 249 72 1 >  - distancia: 4081.16 - carga: 192
Rota 11 : < 1 218 101 18 13 85 114 253 87 77 26 91 1 >  - distancia: 2154.88 - carga: 192
Rota 12 : < 1 130 19 25 191 83 185 247 270 89 63 122 138 155 1 >  - distancia: 3776.78 - carga: 161
Rota 13 : < 1 235 271 119 226 105 146 225 80 236 51 59 34 60 280 74 220 65 41 169 228 170 196 182 79 103 175 165 46 135 50 1 >  - distancia: 4318.14 - carga: 192
Rota 14 : < 1 263 16 20 137 55 160 201 154 1 >  - distancia: 1117.54 - carga: 192
Rota 15 : < 1 53 5 9 150 227 188 246 1 >  - distancia: 1735.04 - carga: 192
Rota 16 : < 1 107 223 239 48 151 273 28 168 272 94 100 126 35 187 57 206 44 274 133 39 129 70 264 148 32 203 200 134 216 277 190 164 62 52 61 149 250 181 211 95 127 75 99 45 102 33 90 265 156 1 >  - distancia: 6488.52 - carga: 192
total - 49518.8
optimal_value: 33503
% acima: 47.804%
Tempo em ms: 938

Demorou  0 ms para ler o arquivo de entrada.
Rota 0 : < 1 223 3 14 88 257 180 1 >  - distancia: 2786.62 - carga: 192
Rota 1 : < 1 99 166 75 269 158 261 167 78 240 112 267 97 67 183 136 31 165 258 46 218 101 53 114 87 85 116 79 144 1 >  - distancia: 3447.07 - carga: 192
Rota 2 : < 1 161 15 198 176 199 215 266 109 224 243 95 277 190 164 62 52 61 263 149 203 200 129 70 1 >  - distancia: 2085.54 - carga: 192
Rota 3 : < 1 272 24 19 25 1 >  - distancia: 2654.42 - carga: 192
Rota 4 : < 1 175 13 4 245 66 1 >  - distancia: 2414.2 - carga: 189
Rota 5 : < 1 22 16 241 104 98 145 159 32 195 1 >  - distancia: 1198.67 - carga: 192
Rota 6 : < 1 102 276 132 163 110 256 45 58 29 147 189 254 234 43 68 117 278 56 225 80 235 236 120 146 140 185 191 83 247 48 1 >  - distancia: 4070.78 - carga: 192
Rota 7 : < 1 244 229 84 152 6 182 196 202 169 228 170 74 220 65 41 59 34 51 60 1 >  - distancia: 3053.71 - carga: 192
Rota 8 : < 1 119 226 2 8 172 252 105 1 >  - distancia: 2886.97 - carga: 192
Rota 9 : < 1 193 108 208 125 205 82 124 230 47 212 92 111 86 126 35 187 151 273 270 130 89 143 141 192 209 63 239 107 178 49 64 115 135 72 50 280 279 222 171 93 197 219 91 26 1 >  - distancia: 5619.62 - carga: 176
Rota 10 : < 1 271 23 10 71 42 248 40 118 94 1 >  - distancia: 2648.15 - carga: 192
Rota 11 : < 1 168 7 37 38 121 184 128 76 142 262 36 153 100 173 260 28 275 1 >  - distancia: 3460.33 - carga: 192
Rota 12 : < 1 155 210 174 179 237 106 221 131 113 123 33 69 232 90 217 211 264 148 157 250 181 134 216 214 103 77 246 251 39 274 133 44 139 206 57 96 249 122 73 238 138 1 >  - distancia: 6285.05 - carga: 180
Rota 13 : < 1 231 11 18 30 233 207 177 81 54 204 242 1 >  - distancia: 1674.03 - carga: 192
Rota 14 : < 1 255 21 20 137 55 160 201 156 154 1 >  - distancia: 1428.37 - carga: 192
Rota 15 : < 1 5 9 150 227 188 253 1 >  - distancia: 1632.95 - carga: 192
Rota 16 : < 1 213 17 12 162 186 27 268 127 194 265 259 1 >  - distancia: 2243.54 - carga: 192
total - 49590
optimal_value: 33503
% acima: 48.0166%
Tempo em ms: 915

Demorou  0 ms para ler o arquivo de entrada.
Rota 0 : < 1 240 10 23 29 58 64 115 249 1 >  - distancia: 2234.39 - carga: 192
Rota 1 : < 1 15 198 176 11 244 229 84 152 134 129 70 259 1 >  - distancia: 1525.73 - carga: 192
Rota 2 : < 1 125 17 186 113 123 131 106 179 237 166 75 269 158 261 276 132 163 110 45 99 1 >  - distancia: 2440.79 - carga: 192
Rota 3 : < 1 232 174 210 241 104 164 62 190 277 109 224 266 215 161 183 67 112 267 97 274 133 44 167 78 136 31 165 258 235 1 >  - distancia: 3033.05 - carga: 192
Rota 4 : < 1 193 108 208 205 82 213 124 230 148 32 264 195 145 159 157 250 263 149 61 52 203 200 243 95 217 211 90 69 33 268 127 114 87 85 103 26 1 >  - distancia: 5081.71 - carga: 192
Rota 5 : < 1 25 19 270 191 83 185 247 209 254 234 248 42 71 206 57 1 >  - distancia: 3114.38 - carga: 192
Rota 6 : < 1 141 2 14 88 239 48 1 >  - distancia: 2917.15 - carga: 192
Rota 7 : < 1 98 16 20 137 55 160 201 1 >  - distancia: 797.279 - carga: 192
Rota 8 : < 1 221 12 162 27 256 242 251 204 169 228 170 74 41 65 46 1 >  - distancia: 2968.37 - carga: 192
Rota 9 : < 1 121 7 24 94 1 >  - distancia: 2365.54 - carga: 192
Rota 10 : < 1 220 3 8 172 252 140 223 117 1 >  - distancia: 2780.15 - carga: 192
Rota 11 : < 1 100 173 86 260 92 111 47 212 196 79 77 246 218 171 39 139 147 189 96 107 178 49 180 56 72 50 120 279 222 214 219 156 154 181 194 102 76 126 138 187 168 272 130 63 238 192 43 40 118 275 122 265 155 91 1 >  - distancia: 10605.2 - carga: 161
Rota 12 : < 1 182 13 18 30 233 207 177 54 231 197 1 >  - distancia: 2141.25 - carga: 192
Rota 13 : < 1 66 6 4 245 116 144 202 1 >  - distancia: 2171.29 - carga: 192
Rota 14 : < 1 153 36 128 38 142 262 35 184 37 151 273 28 89 143 226 119 271 135 68 257 278 105 146 225 80 236 51 59 34 60 280 73 1 >  - distancia: 4181.7 - carga: 192
Rota 15 : < 1 5 9 150 227 188 253 1 >  - distancia: 1632.95 - carga: 192
Rota 16 : < 1 199 22 21 216 255 81 175 53 101 93 1 >  - distancia: 2458.76 - carga: 192
total - 52449.7
optimal_value: 33503
% acima: 56.5523%
Tempo em ms: 953

Demorou  0 ms para ler o arquivo de entrada.
Rota 0 : < 1 87 13 18 30 233 207 177 54 231 1 >  - distancia: 1717.9 - carga: 192
Rota 1 : < 1 10 23 29 58 64 271 135 1 >  - distancia: 2286.77 - carga: 192
Rota 2 : < 1 134 21 216 255 81 175 53 169 228 170 196 182 79 103 114 246 26 91 1 >  - distancia: 2441.95 - carga: 192
Rota 3 : < 1 63 14 3 105 146 178 49 1 >  - distancia: 2641.83 - carga: 192
Rota 4 : < 1 265 22 90 277 190 164 62 243 95 166 75 268 256 125 205 82 108 208 173 86 260 92 111 27 127 194 1 >  - distancia: 3162.9 - carga: 192
Rota 5 : < 1 12 17 186 113 123 106 155 1 >  - distancia: 1588.79 - carga: 192
Rota 6 : < 1 262 142 38 121 184 19 270 8 172 252 140 223 88 238 1 >  - distancia: 3430.62 - carga: 192
Rota 7 : < 1 171 5 9 150 227 188 101 1 >  - distancia: 1867.08 - carga: 192
Rota 8 : < 1 168 7 24 272 151 273 1 >  - distancia: 2480.82 - carga: 192
Rota 9 : < 1 143 2 25 191 83 185 247 209 239 107 1 >  - distancia: 2981.45 - carga: 192
Rota 10 : < 1 66 6 4 245 116 144 202 1 >  - distancia: 2171.29 - carga: 192
Rota 11 : < 1 219 11 244 229 84 152 200 203 263 149 250 181 211 217 69 232 33 99 153 36 128 76 248 42 57 118 1 >  - distancia: 3227.8 - carga: 192
Rota 12 : < 1 154 98 145 32 264 195 157 158 261 102 45 71 234 43 37 100 126 212 89 141 192 48 96 189 147 249 115 44 39 139 206 40 94 28 130 35 187 138 275 214 77 279 222 72 73 180 93 197 259 1 >  - distancia: 8822.52 - carga: 161
Rota 13 : < 1 148 20 137 55 160 201 129 70 156 85 253 218 235 236 120 280 60 68 257 254 122 1 >  - distancia: 3407.2 - carga: 192
Rota 14 : < 1 159 16 241 104 174 210 179 237 131 221 162 213 124 230 47 193 1 >  - distancia: 2115.84 - carga: 192
Rota 15 : < 1 133 15 198 176 199 161 183 67 112 267 97 274 167 78 240 276 132 163 110 269 1 >  - distancia: 2438.35 - carga: 192
Rota 16 : < 1 61 52 109 224 266 215 242 251 204 136 31 165 258 46 220 65 74 41 59 34 51 225 80 119 226 117 278 56 50 1 >  - distancia: 2834.7 - carga: 192
total - 49617.8
optimal_value: 33503
% acima: 48.0997%
Tempo em ms: 900

Demorou  0 ms para ler o arquivo de entrada.
Rota 0 : < 1 181 263 149 109 224 266 215 242 251 204 136 31 165 258 271 119 226 117 278 257 68 254 234 248 42 71 40 1 >  - distancia: 2816.21 - carga: 192
Rota 1 : < 1 235 7 24 272 94 43 1 >  - distancia: 2656.94 - carga: 192
Rota 2 : < 1 79 4 6 182 196 66 144 1 >  - distancia: 2270.58 - carga: 192
Rota 3 : < 1 162 12 17 186 213 124 230 1 >  - distancia: 1654.83 - carga: 191
Rota 4 : < 1 160 20 16 241 104 174 232 1 >  - distancia: 1181.6 - carga: 192
Rota 5 : < 1 179 22 90 277 190 164 62 52 61 250 154 195 156 243 95 217 211 127 268 37 184 151 273 28 168 189 147 56 135 72 50 178 49 180 48 206 57 118 35 187 138 39 139 122 171 197 91 259 1 >  - distancia: 6328.35 - carga: 190
Rota 6 : < 1 203 15 198 176 199 161 183 67 112 267 97 274 133 44 167 78 153 36 121 38 1 >  - distancia: 2431.76 - carga: 192
Rota 7 : < 1 70 129 201 264 148 32 137 55 157 145 98 159 210 69 237 33 99 45 102 128 76 142 262 100 126 47 212 27 155 265 194 1 >  - distancia: 3615.77 - carga: 168
Rota 8 : < 1 220 65 8 172 252 19 270 130 89 143 141 192 223 107 105 146 1 >  - distancia: 3539.37 - carga: 192
Rota 9 : < 1 246 9 5 227 150 188 53 1 >  - distancia: 1810.08 - carga: 192
Rota 10 : < 1 46 2 25 191 83 185 247 209 63 239 238 1 >  - distancia: 3208.69 - carga: 192
Rota 11 : < 1 244 11 18 30 233 207 177 81 54 231 101 93 1 >  - distancia: 1865.91 - carga: 192
Rota 12 : < 1 202 13 85 114 253 87 116 245 103 169 228 170 74 41 59 34 51 236 73 1 >  - distancia: 3301.92 - carga: 192
Rota 13 : < 1 131 106 221 113 123 166 75 269 158 261 276 132 163 110 256 125 205 82 108 208 173 86 260 92 111 193 1 >  - distancia: 2943.93 - carga: 188
Rota 14 : < 1 240 10 23 29 58 64 115 249 1 >  - distancia: 2234.39 - carga: 192
Rota 15 : < 1 152 21 216 255 84 229 200 134 175 218 225 80 120 280 60 279 222 77 26 214 219 1 >  - distancia: 3338.97 - carga: 192
Rota 16 : < 1 140 3 14 88 96 275 1 >  - distancia: 2817.56 - carga: 192
total - 48016.9
optimal_value: 33503
% acima: 43.3211%
Tempo em ms: 884

Demorou  0 ms para ler o arquivo de entrada.
Rota 0 : < 1 49 146 105 4 6 182 66 144 26 1 >  - distancia: 2955.45 - carga: 192
Rota 1 : < 1 227 5 9 150 188 53 171 93 1 >  - distancia: 1712.92 - carga: 192
Rota 2 : < 1 163 17 186 113 123 131 106 221 179 237 174 210 232 69 166 75 268 243 266 200 181 1 >  - distancia: 2453.42 - carga: 192
Rota 3 : < 1 191 25 19 270 130 37 184 76 100 108 208 125 205 256 1 >  - distancia: 3072.24 - carga: 192
Rota 4 : < 1 216 21 11 244 229 84 152 219 1 >  - distancia: 1368.28 - carga: 192
Rota 5 : < 1 275 7 24 272 151 273 43 1 >  - distancia: 2545.83 - carga: 192
Rota 6 : < 1 83 185 247 209 63 239 107 56 135 72 50 147 189 249 173 86 260 92 111 47 212 110 45 99 33 90 217 164 62 61 263 149 157 195 154 255 214 116 79 103 245 77 1 >  - distancia: 6315.06 - carga: 192
Rota 7 : < 1 128 10 71 42 248 234 254 96 68 117 226 119 271 235 225 120 1 >  - distancia: 3040.2 - carga: 192
Rota 8 : < 1 112 267 97 274 133 44 167 78 240 139 136 31 165 258 46 220 65 74 41 59 34 51 236 80 169 228 170 175 101 218 202 246 1 >  - distancia: 3539.43 - carga: 192
Rota 9 : < 1 224 109 211 277 190 241 104 98 145 159 32 148 264 129 70 134 30 233 207 177 81 54 231 204 251 39 203 250 1 >  - distancia: 2868.57 - carga: 192
Rota 10 : < 1 215 15 198 176 199 161 183 67 269 158 261 276 132 153 36 121 38 142 262 187 1 >  - distancia: 2395.1 - carga: 192
Rota 11 : < 1 242 18 13 85 114 253 87 196 1 >  - distancia: 2147.1 - carga: 192
Rota 12 : < 1 52 16 20 137 55 160 201 156 1 >  - distancia: 922.395 - carga: 192
Rota 13 : < 1 95 22 12 162 213 124 230 82 193 1 >  - distancia: 2081.12 - carga: 192
Rota 14 : < 1 278 14 23 29 58 64 115 1 >  - distancia: 2384.11 - carga: 192
Rota 15 : < 1 178 3 8 172 252 140 223 88 257 1 >  - distancia: 2762.92 - carga: 192
Rota 16 : < 1 143 2 89 141 192 48 94 168 28 57 206 102 127 194 60 280 279 222 73 180 238 35 126 138 118 40 27 155 265 259 91 197 122 1 >  - distancia: 8061.8 - carga: 161
total - 50626
optimal_value: 33503
% acima: 51.1087%
Tempo em ms: 867

Demorou  0 ms para ler o arquivo de entrada.
Rota 0 : < 1 200 11 244 229 84 152 134 129 70 264 148 32 195 157 250 263 149 61 52 277 190 62 265 1 >  - distancia: 2243.74 - carga: 192
Rota 1 : < 1 255 21 20 137 55 160 201 156 154 1 >  - distancia: 1428.37 - carga: 192
Rota 2 : < 1 146 3 14 88 223 238 1 >  - distancia: 2789.37 - carga: 192
Rota 3 : < 1 39 112 267 97 67 269 158 261 276 132 167 78 240 139 64 29 147 189 254 234 43 121 38 142 262 128 76 184 37 275 35 187 206 94 28 138 27 1 >  - distancia: 4276.69 - carga: 192
Rota 4 : < 1 227 5 9 150 253 85 26 1 >  - distancia: 1637.65 - carga: 192
Rota 5 : < 1 237 12 17 186 113 123 33 1 >  - distancia: 1584.17 - carga: 192
Rota 6 : < 1 65 4 6 182 196 202 66 1 >  - distancia: 2526.78 - carga: 192
Rota 7 : < 1 120 225 80 119 226 105 178 68 96 107 135 72 50 115 249 114 79 103 77 246 218 101 53 171 216 214 203 181 211 217 127 133 122 279 222 73 49 180 219 197 93 194 155 230 193 259 1 >  - distancia: 8846.85 - carga: 166
Rota 8 : < 1 87 13 18 30 233 207 177 54 231 1 >  - distancia: 1717.9 - carga: 192
Rota 9 : < 1 126 100 36 153 163 110 256 125 205 82 108 208 173 86 260 92 111 47 212 124 213 131 106 221 99 45 102 44 274 1 >  - distancia: 3522.77 - carga: 192
Rota 10 : < 1 143 2 25 191 83 185 247 209 63 239 48 1 >  - distancia: 3053.78 - carga: 192
Rota 11 : < 1 56 117 278 257 8 172 252 140 19 270 130 89 141 192 1 >  - distancia: 3416.52 - carga: 187
Rota 12 : < 1 183 15 198 176 199 161 266 215 109 224 243 95 166 75 268 179 174 210 232 162 1 >  - distancia: 2466.4 - carga: 192
Rota 13 : < 1 58 23 10 71 42 248 40 118 57 1 >  - distancia: 2293.84 - carga: 192
Rota 14 : < 1 69 22 16 241 104 98 145 159 164 90 1 >  - distancia: 1757.93 - carga: 192
Rota 15 : < 1 235 271 258 46 165 31 136 204 242 251 81 175 188 169 228 170 74 220 41 59 34 51 236 60 280 245 116 144 91 1 >  - distancia: 4076.43 - carga: 192
Rota 16 : < 1 168 7 24 272 151 273 1 >  - distancia: 2480.82 - carga: 192
total - 50120
optimal_value: 33503
% acima: 49.5986%
Tempo em ms: 903

Demorou  1 ms para ler o arquivo de entrada.
Rota 0 : < 1 133 274 19 270 8 172 252 140 223 185 247 209 254 234 43 40 1 >  - distancia: 3259.17 - carga: 192
Rota 1 : < 1 211 22 90 277 109 224 243 95 217 190 52 61 263 149 203 200 84 152 244 255 214 175 169 228 202 66 1 >  - distancia: 3170.55 - carga: 192
Rota 2 : < 1 112 267 97 67 183 269 158 261 102 153 36 121 38 142 262 100 126 184 76 35 187 151 273 28 168 94 96 83 48 107 178 236 51 60 280 170 218 101 87 103 1 >  - distancia: 4893.15 - carga: 192
Rota 3 : < 1 129 20 16 241 104 164 62 1 >  - distancia: 1005.3 - carga: 192
Rota 4 : < 1 229 11 18 30 233 207 177 81 54 231 53 171 1 >  - distancia: 1725.62 - carga: 192
Rota 5 : < 1 213 12 162 131 106 221 179 237 113 123 174 210 232 155 265 1 >  - distancia: 1991.05 - carga: 192
Rota 6 : < 1 64 23 10 71 42 248 37 1 >  - distancia: 2355.93 - carga: 192
Rota 7 : < 1 128 7 24 272 130 1 >  - distancia: 2536.53 - carga: 192
Rota 8 : < 1 245 4 6 182 196 1 >  - distancia: 2060.62 - carga: 192
Rota 9 : < 1 75 166 99 256 163 110 132 276 167 78 240 58 29 147 189 68 117 278 257 226 119 271 235 225 80 120 1 >  - distancia: 2994.8 - carga: 192
Rota 10 : < 1 193 108 208 125 205 82 47 212 92 111 173 86 260 57 206 44 39 116 79 77 26 279 222 135 72 56 50 115 249 139 122 45 138 118 275 238 197 91 144 194 259 1 >  - distancia: 7914.02 - carga: 161
Rota 11 : < 1 74 3 14 88 239 63 1 >  - distancia: 2776.91 - carga: 192
Rota 12 : < 1 5 9 150 227 188 253 1 >  - distancia: 1632.95 - carga: 192
Rota 13 : < 1 186 17 124 230 27 69 33 268 127 201 264 148 32 137 55 160 157 145 98 159 195 70 156 134 250 181 154 219 1 >  - distancia: 3737.69 - carga: 192
Rota 14 : < 1 191 2 25 89 143 141 192 105 146 49 180 1 >  - distancia: 3157.86 - carga: 192
Rota 15 : < 1 216 21 13 85 114 246 93 1 >  - distancia: 1727.71 - carga: 192
Rota 16 : < 1 161 15 198 176 199 215 266 242 251 204 136 31 165 258 46 220 65 41 59 34 73 1 >  - distancia: 2728.93 - carga: 192
total - 49668.8
optimal_value: 33503
% acima: 48.2518%
Tempo em ms: 951

Mdia total para X-n280-k17: 50462.7
Tempo medio para X-n280-k17: 895.3
