Demorou  0 ms para ler o arquivo de entrada.
ExcecaoSemCandidatos: 
Rota 0 : < 1 109 111 67 16 18 75 116 155 232 236 196 235 192 153 195 163 3 9 49 46 50 13 53 10 171 1 >  - distancia: 1635.66 - carga: 550
Rota 1 : < 1 48 56 100 99 55 54 12 7 43 83 120 39 11 15 64 144 188 191 231 1 >  - distancia: 1042.24 - carga: 550
Rota 2 : < 1 70 31 72 40 23 26 52 20 22 32 28 112 152 151 147 187 184 145 179 178 218 141 142 222 182 1 >  - distancia: 1315.53 - carga: 550
Rota 3 : < 1 219 220 139 63 71 148 149 227 226 224 27 30 34 33 160 204 207 208 129 173 170 133 134 14 90 125 122 42 86 1 >  - distancia: 2004.6 - carga: 550
Rota 4 : < 1 128 88 127 84 79 76 36 38 37 123 124 203 119 159 80 156 107 140 98 97 58 57 62 1 >  - distancia: 1308.42 - carga: 550
Rota 5 : < 1 108 68 104 105 143 102 103 183 223 180 138 168 209 210 87 89 167 166 165 206 205 202 201 237 234 1 >  - distancia: 1575.17 - carga: 470
Rota 6 : < 1 61 24 21 60 59 96 175 135 176 215 214 211 212 216 217 177 137 101 106 150 233 193 229 146 225 185 186 65 69 25 110 189 113 1 >  - distancia: 1832.95 - carga: 550
Rota 7 : < 1 91 44 47 51 19 8 5 41 81 200 239 240 199 197 198 164 126 82 77 172 213 174 94 17 66 181 221 1 >  - distancia: 1775.75 - carga: 510
Rota 8 : < 1 130 131 132 136 95 93 92 4 2 35 29 115 114 73 228 230 190 194 154 74 158 78 118 157 117 121 238 161 162 45 6 85 169 1 >  - distancia: 1949.92 - carga: 510
total - 14440.2
optimal_value: 5623
% acima: 156.807%
Demorou  1 ms para ler o arquivo de entrada.
Rota 0 : < 1 115 39 41 44 47 128 48 84 4 20 63 68 28 60 91 49 92 53 13 14 163 202 162 0 1 >  - distancia: 4.29497e+09 - carga: -1.03399e+09
Rota 1 : < 1 67 19 23 35 36 27 29 31 32 71 75 43 45 15 12 132 172 171 212 213 214 1 >  - distancia: 900.143 - carga: 550
Rota 2 : < 1 156 79 76 112 116 80 78 7 3 88 87 167 208 131 130 133 168 89 40 127 120 1 >  - distancia: 1402.64 - carga: 550
Rota 3 : < 1 177 99 140 220 180 183 223 185 105 30 5 50 38 73 70 74 77 121 46 34 153 154 233 234 69 145 225 142 186 57 90 134 173 1 >  - distancia: 2288.08 - carga: 450
Rota 4 : < 1 104 100 95 59 58 52 56 55 16 18 17 96 136 98 179 135 51 94 93 54 97 160 239 122 118 1 >  - distancia: 1438.98 - carga: 550
Rota 5 : < 1 222 182 224 188 229 230 231 235 237 198 197 199 157 161 164 203 207 169 210 209 83 2 21 65 37 117 158 201 82 22 101 181 221 137 217 174 178 1 >  - distancia: 2586.79 - carga: 550
Rota 6 : < 1 66 64 62 24 103 144 147 108 148 187 227 228 192 193 184 146 106 102 141 61 26 33 81 11 123 85 86 1 >  - distancia: 1454.13 - carga: 550
Rota 7 : < 1 176 175 215 216 219 218 139 138 211 170 200 236 114 109 113 149 110 204 165 129 206 166 126 125 42 205 238 194 226 1 >  - distancia: 2676.46 - carga: 490
Rota 8 : < 1 195 155 196 119 8 9 6 10 143 107 111 232 152 150 190 189 151 191 72 25 159 124 240 1 >  - distancia: 1675.02 - carga: 550
total - 4.29498e+09
optimal_value: 5623
% acima: 7.63823e+07%
Demorou  0 ms para ler o arquivo de entrada.
ExcecaoSemCandidatos: 
Rota 0 : < 1 155 196 195 156 115 116 118 160 161 82 122 203 163 204 206 166 85 45 125 211 210 89 86 126 202 77 186 1 >  - distancia: 1701.35 - carga: 490
Rota 1 : < 1 48 20 11 35 64 68 24 111 187 188 231 192 112 191 190 227 228 151 152 1 >  - distancia: 1178.8 - carga: 550
Rota 2 : < 1 167 168 127 84 79 76 28 16 139 96 97 136 215 214 216 177 218 178 217 1 >  - distancia: 1138.07 - carga: 450
Rota 3 : < 1 57 56 99 100 140 220 138 91 13 54 94 98 137 133 213 47 50 90 130 169 170 129 93 14 9 53 18 42 49 121 157 198 197 238 237 194 73 62 61 102 109 1 >  - distancia: 2253.58 - carga: 550
Rota 4 : < 1 212 172 171 132 135 95 60 23 72 71 70 69 32 30 26 51 55 12 175 176 174 134 173 1 >  - distancia: 1173.49 - carga: 550
Rota 5 : < 1 240 239 199 159 123 80 119 158 124 43 83 87 131 208 209 88 52 5 59 22 92 1 >  - distancia: 1423.63 - carga: 550
Rota 6 : < 1 21 19 27 108 147 104 103 67 65 25 107 146 144 148 236 232 235 234 233 193 154 117 6 58 141 101 142 221 225 1 >  - distancia: 1757.15 - carga: 550
Rota 7 : < 1 2 3 7 39 4 40 44 36 31 63 66 15 10 8 120 200 201 162 164 128 207 205 165 1 >  - distancia: 1061.93 - carga: 550
Rota 8 : < 1 179 219 180 143 223 222 181 183 182 224 226 184 185 105 145 106 17 34 33 75 78 81 46 38 41 37 113 114 153 74 29 110 229 149 150 230 189 1 >  - distancia: 1882.51 - carga: 550
total - 13570.5
optimal_value: 5623
% acima: 141.339%
Demorou  0 ms para ler o arquivo de entrada.
ExcecaoSemCandidatos: 
Rota 0 : < 1 34 19 21 23 31 35 112 28 71 115 116 76 43 11 39 2 59 20 24 100 101 1 >  - distancia: 907.267 - carga: 550
Rota 1 : < 1 236 235 239 200 120 123 122 201 155 154 195 194 193 233 153 150 74 73 110 106 65 61 29 114 69 118 197 237 117 42 158 121 49 90 53 9 85 81 25 1 >  - distancia: 2274.12 - carga: 550
Rota 2 : < 1 95 60 64 108 109 68 107 143 139 140 136 180 99 215 214 213 212 211 210 129 240 162 125 1 >  - distancia: 1481.7 - carga: 550
Rota 3 : < 1 55 8 16 48 131 171 172 132 130 170 88 89 51 175 176 135 52 57 17 54 14 41 38 10 26 5 30 1 >  - distancia: 1236.57 - carga: 550
Rota 4 : < 1 163 164 204 124 83 80 36 156 196 75 78 79 77 231 192 67 33 119 199 159 161 1 >  - distancia: 1329.76 - carga: 550
Rota 5 : < 1 188 228 191 152 151 148 187 232 230 189 229 190 70 113 22 86 82 157 198 234 145 225 222 221 141 1 >  - distancia: 1882.73 - carga: 410
Rota 6 : < 1 227 226 184 223 183 220 216 174 94 97 58 102 182 62 138 177 104 72 105 66 149 146 185 186 142 178 218 217 181 137 98 134 173 126 202 238 166 1 >  - distancia: 2847.27 - carga: 530
Rota 7 : < 1 50 84 44 40 15 7 92 91 128 168 207 127 87 46 167 206 165 208 209 169 160 203 205 1 >  - distancia: 1436.63 - carga: 550
Rota 8 : < 1 133 96 12 18 63 103 144 111 3 27 4 6 56 179 219 224 147 32 47 45 37 13 93 1 >  - distancia: 1603.69 - carga: 550
total - 14999.7
optimal_value: 5623
% acima: 166.757%
Demorou  0 ms para ler o arquivo de entrada.
Rota 0 : < 1 189 191 192 193 151 108 228 231 232 233 236 43 2 29 61 98 54 134 97 217 137 101 21 10 25 200 86 46 89 50 49 5 81 78 82 0 1 >  - distancia: 4.29497e+09 - carga: -1.03399e+09
Rota 1 : < 1 56 15 48 127 83 123 164 124 7 52 8 9 20 62 219 216 171 211 209 169 203 1 >  - distancia: 1418.08 - carga: 550
Rota 2 : < 1 39 36 30 3 31 32 75 72 63 99 140 220 172 136 215 60 65 27 69 66 102 141 142 1 >  - distancia: 1314.03 - carga: 550
Rota 3 : < 1 90 92 51 88 128 95 176 179 178 175 132 53 212 173 170 210 129 126 166 125 206 205 122 162 165 130 94 13 18 58 138 177 218 221 105 1 >  - distancia: 2142.11 - carga: 550
Rota 4 : < 1 133 135 96 139 103 107 112 111 144 188 187 116 80 38 77 74 159 121 118 76 239 201 240 1 >  - distancia: 1605.82 - carga: 550
Rota 5 : < 1 194 195 156 120 160 44 47 59 68 26 22 17 4 6 64 28 115 152 148 71 199 238 237 1 >  - distancia: 1525.26 - carga: 550
Rota 6 : < 1 24 19 67 40 79 12 23 55 100 104 143 180 184 147 146 185 226 186 227 149 106 145 110 190 229 1 >  - distancia: 1471.5 - carga: 550
Rota 7 : < 1 224 183 223 182 222 181 225 109 70 33 34 57 93 14 45 161 85 202 158 197 113 150 230 154 234 157 114 73 117 153 174 214 213 1 >  - distancia: 2507.76 - carga: 390
Rota 8 : < 1 91 131 168 208 207 167 87 11 16 35 155 235 196 198 204 163 119 84 42 41 37 1 >  - distancia: 1189.66 - carga: 550
total - 4.29498e+09
optimal_value: 5623
% acima: 7.63823e+07%
Demorou  0 ms para ler o arquivo de entrada.
ExcecaoSemCandidatos: 
Rota 0 : < 1 75 76 79 42 116 119 40 36 28 71 70 32 52 88 89 171 211 130 170 210 212 172 209 1 >  - distancia: 1157.55 - carga: 550
Rota 1 : < 1 156 155 115 72 35 37 44 81 84 39 48 80 3 55 136 16 22 60 99 102 219 1 >  - distancia: 1266.08 - carga: 550
Rota 2 : < 1 208 168 128 131 132 215 216 175 176 183 142 139 140 223 228 189 150 198 237 234 1 >  - distancia: 1527.04 - carga: 480
Rota 3 : < 1 146 107 103 67 68 64 20 19 59 104 224 184 143 100 179 220 135 56 43 1 >  - distancia: 1113.79 - carga: 550
Rota 4 : < 1 186 227 188 191 152 151 195 235 197 240 196 232 144 180 221 222 182 141 138 177 137 61 98 101 21 69 13 30 49 10 133 1 >  - distancia: 2110.9 - carga: 550
Rota 5 : < 1 33 27 24 111 31 7 11 14 95 96 15 12 51 91 8 6 9 4 5 47 92 93 94 1 >  - distancia: 834.776 - carga: 550
Rota 6 : < 1 190 147 108 112 153 231 230 229 187 148 149 109 110 236 192 233 193 194 114 73 34 41 118 238 202 205 46 178 218 181 1 >  - distancia: 2034.59 - carga: 460
Rota 7 : < 1 157 160 159 239 199 200 163 204 203 123 161 121 122 201 162 23 25 57 26 58 17 53 54 134 63 66 29 77 113 154 117 74 18 1 >  - distancia: 1720.78 - carga: 550
Rota 8 : < 1 158 120 83 87 167 166 206 207 127 126 125 124 86 164 165 85 2 78 82 45 50 38 65 105 62 106 145 226 225 185 97 217 174 173 90 129 169 213 214 1 >  - distancia: 2207.65 - carga: 550
total - 13973.2
optimal_value: 5623
% acima: 148.5%
Demorou  0 ms para ler o arquivo de entrada.
Rota 0 : < 1 202 203 204 205 167 168 128 172 173 211 208 209 88 85 152 194 233 154 110 106 18 21 97 177 133 94 14 134 93 54 137 98 178 138 181 0 1 >  - distancia: 6.074e+09 - carga: -1.03399e+09
Rota 1 : < 1 227 148 187 64 72 15 8 9 13 20 22 27 71 39 160 161 121 75 112 76 74 116 117 1 >  - distancia: 1225.87 - carga: 550
Rota 2 : < 1 145 147 67 32 33 28 99 96 139 179 136 55 17 3 2 87 132 171 92 52 10 53 58 1 >  - distancia: 1183.98 - carga: 550
Rota 3 : < 1 124 83 7 119 79 11 135 95 56 51 48 131 212 43 86 19 24 26 65 30 5 78 37 1 >  - distancia: 1383.51 - carga: 550
Rota 4 : < 1 216 176 219 180 183 223 144 224 220 221 142 141 182 105 146 225 186 226 190 114 38 69 149 193 153 234 230 113 197 237 1 >  - distancia: 2148.37 - carga: 480
Rota 5 : < 1 107 104 184 103 102 101 143 140 175 215 214 127 130 129 166 207 169 89 126 165 206 170 174 57 217 213 210 61 185 222 218 1 >  - distancia: 2434.87 - carga: 510
Rota 6 : < 1 238 199 80 35 68 16 60 100 59 47 91 90 50 12 49 63 62 25 4 41 23 66 29 70 73 109 189 1 >  - distancia: 1517.61 - carga: 550
Rota 7 : < 1 125 123 44 120 163 164 84 115 235 200 198 158 239 240 201 82 45 46 6 42 81 31 34 118 122 162 1 >  - distancia: 1572.83 - carga: 500
Rota 8 : < 1 151 150 188 191 232 192 111 40 77 36 155 236 159 156 157 196 195 231 108 228 229 1 >  - distancia: 1441.79 - carga: 550
total - 6.07402e+09
optimal_value: 5623
% acima: 1.08021e+08%
Demorou  0 ms para ler o arquivo de entrada.
Rota 0 : < 1 164 167 207 208 83 196 236 198 197 238 237 157 201 202 158 5 21 138 137 177 134 214 213 173 174 217 205 0 1 >  - distancia: 6.074e+09 - carga: -1.03399e+09
Rota 1 : < 1 2 80 44 7 48 49 47 87 3 72 67 31 59 27 52 136 60 61 58 28 65 22 14 1 >  - distancia: 1062.06 - carga: 550
Rota 2 : < 1 159 160 199 239 200 203 240 120 121 82 116 114 35 73 115 152 147 146 179 178 141 221 142 101 98 133 54 1 >  - distancia: 1575.98 - carga: 550
Rota 3 : < 1 107 104 100 139 99 97 95 135 94 64 62 223 184 220 181 182 224 185 222 186 190 233 193 194 153 154 234 229 225 1 >  - distancia: 1881.41 - carga: 530
Rota 4 : < 1 96 51 50 92 91 172 171 212 168 127 128 169 43 45 124 125 166 206 204 165 85 162 81 38 9 13 93 89 46 1 >  - distancia: 1472.61 - carga: 550
Rota 5 : < 1 41 8 15 16 19 17 18 39 119 117 118 112 156 155 151 150 111 36 163 88 129 170 209 210 211 1 >  - distancia: 1245.12 - carga: 550
Rota 6 : < 1 57 55 53 11 4 32 12 56 20 103 23 71 63 24 26 29 79 42 123 84 40 10 6 1 >  - distancia: 1001.25 - carga: 550
Rota 7 : < 1 218 219 180 140 143 144 183 227 188 232 235 195 192 191 231 187 108 68 33 70 77 1 >  - distancia: 1273.87 - carga: 550
Rota 8 : < 1 216 175 176 215 132 131 130 90 76 75 37 30 25 69 110 148 109 189 230 228 226 145 102 106 74 113 78 122 86 126 161 34 66 105 149 1 >  - distancia: 2053.47 - carga: 550
total - 6.07401e+09
optimal_value: 5623
% acima: 1.08021e+08%
Demorou  0 ms para ler o arquivo de entrada.
ExcecaoSemCandidatos: 
Rota 0 : < 1 189 147 187 227 108 68 27 22 64 62 143 148 228 229 231 232 235 156 79 7 116 1 >  - distancia: 1276.76 - carga: 550
Rota 1 : < 1 216 176 215 175 214 174 93 92 129 86 80 81 223 142 101 224 225 186 226 222 185 102 66 110 106 182 221 178 57 1 >  - distancia: 1963.94 - carga: 450
Rota 2 : < 1 217 218 220 181 75 6 25 74 78 117 118 204 162 202 201 198 237 151 149 146 105 109 65 9 53 37 2 33 77 10 34 42 45 166 169 89 170 210 126 205 125 122 206 209 1 >  - distancia: 3042.98 - carga: 520
Rota 3 : < 1 144 67 31 12 40 38 41 47 167 168 207 124 163 159 160 203 164 165 52 14 188 1 >  - distancia: 1436 - carga: 550
Rota 4 : < 1 58 100 23 60 55 91 87 123 35 11 56 54 94 16 17 36 30 4 76 119 120 82 121 1 >  - distancia: 1136.68 - carga: 550
Rota 5 : < 1 127 83 48 8 15 59 98 63 107 19 21 32 73 111 28 88 44 46 85 51 90 130 43 1 >  - distancia: 1296.86 - carga: 550
Rota 6 : < 1 145 183 184 104 103 95 96 136 137 135 212 213 138 141 177 133 97 134 50 5 49 61 69 26 70 190 153 193 154 234 233 230 194 113 1 >  - distancia: 2144.07 - carga: 520
Rota 7 : < 1 179 140 99 219 180 139 24 18 13 20 84 155 195 191 150 115 152 3 196 157 112 1 >  - distancia: 1595.27 - carga: 550
Rota 8 : < 1 173 132 131 172 171 211 128 208 39 29 72 114 71 236 200 240 239 192 199 161 158 238 197 1 >  - distancia: 1772.66 - carga: 550
total - 15665.2
optimal_value: 5623
% acima: 178.592%
Demorou  0 ms para ler o arquivo de entrada.
ExcecaoSemCandidatos: 
Rota 0 : < 1 18 31 3 32 80 123 199 156 196 197 198 236 152 155 194 144 145 105 66 30 29 77 34 37 50 93 130 90 170 89 169 1 >  - distancia: 1758.74 - carga: 550
Rota 1 : < 1 7 91 131 132 95 63 60 139 176 136 215 59 140 101 96 94 135 56 57 51 49 1 >  - distancia: 1109.78 - carga: 550
Rota 2 : < 1 231 192 232 151 111 228 188 184 67 16 4 79 76 74 113 153 150 110 109 70 65 114 157 237 238 162 202 122 201 1 >  - distancia: 1746.33 - carga: 550
Rota 3 : < 1 129 168 88 52 39 72 148 107 104 108 23 71 191 195 235 154 193 227 189 149 146 226 225 1 >  - distancia: 1620.71 - carga: 530
Rota 4 : < 1 127 84 160 240 239 115 117 119 118 64 62 58 92 216 220 138 137 97 98 61 14 2 78 9 10 38 85 121 161 42 81 5 53 1 >  - distancia: 1855.72 - carga: 550
Rota 5 : < 1 222 183 223 224 143 187 186 185 100 175 171 211 209 203 205 125 126 166 165 206 82 158 234 233 190 230 229 1 >  - distancia: 1903.35 - carga: 470
Rota 6 : < 1 35 24 12 15 36 75 120 43 44 87 47 48 83 164 207 128 172 55 54 1 >  - distancia: 956.194 - carga: 550
Rota 7 : < 1 163 200 159 116 112 73 40 41 45 46 208 204 167 8 124 20 13 6 212 213 174 134 173 133 17 33 86 210 1 >  - distancia: 2138.22 - carga: 540
Rota 8 : < 1 25 26 22 28 11 19 21 27 68 69 147 106 103 99 179 219 180 181 182 142 102 141 221 218 217 214 178 177 1 >  - distancia: 1245.16 - carga: 500
total - 14334.2
optimal_value: 5623
% acima: 154.921%
