Demorou  1 ms para ler o arquivo de entrada.
Rota 0 : < 1 263 4 2 192 49 1 >  - distancia: 3399.67 - carga: 192
Rota 1 : < 1 116 245 188 85 114 196 246 30 148 157 164 237 215 200 55 52 99 44 277 61 98 129 70 156 250 217 90 170 77 26 190 219 228 222 144 66 1 >  - distancia: 9488.27 - carga: 192
Rota 2 : < 1 102 12 106 113 123 179 33 186 162 213 124 131 161 274 194 1 >  - distancia: 3063.14 - carga: 192
Rota 3 : < 1 95 109 201 264 195 32 145 159 104 174 232 166 176 183 67 211 203 31 101 220 202 64 147 278 280 51 73 218 103 59 34 178 1 >  - distancia: 6672.06 - carga: 192
Rota 4 : < 1 121 13 177 229 152 244 242 112 39 251 198 224 199 158 210 221 1 >  - distancia: 4509.27 - carga: 192
Rota 5 : < 1 269 78 21 134 255 207 227 87 79 150 204 165 136 53 54 197 1 >  - distancia: 3653.21 - carga: 192
Rota 6 : < 1 15 9 11 216 214 91 1 >  - distancia: 1865.74 - carga: 192
Rota 7 : < 1 205 7 168 38 184 42 128 36 110 153 276 206 37 76 100 126 187 1 >  - distancia: 3575.38 - carga: 192
Rota 8 : < 1 24 254 271 258 236 226 257 117 105 119 235 80 240 29 68 72 135 1 >  - distancia: 4024.24 - carga: 192
Rota 9 : < 1 84 16 5 93 122 1 >  - distancia: 2370.03 - carga: 192
Rota 10 : < 1 243 10 234 248 71 167 19 151 142 262 1 >  - distancia: 2980 - carga: 192
Rota 11 : < 1 92 212 111 173 47 208 86 82 241 137 160 154 149 65 56 146 41 96 43 273 60 107 57 35 261 139 133 171 181 27 69 265 155 231 268 94 28 130 260 138 118 40 275 127 230 1 >  - distancia: 12614.3 - carga: 161
Rota 12 : < 1 62 6 182 175 233 253 14 1 >  - distancia: 3727.33 - carga: 192
Rota 13 : < 1 58 23 8 140 185 223 239 191 143 252 238 180 50 1 >  - distancia: 3347.6 - carga: 192
Rota 14 : < 1 279 3 25 89 247 172 225 120 74 1 >  - distancia: 3567.1 - carga: 192
Rota 15 : < 1 75 22 18 20 259 1 >  - distancia: 2145.91 - carga: 192
Rota 16 : < 1 17 256 125 108 193 163 132 45 266 81 169 46 115 88 189 249 209 48 63 83 141 270 272 267 97 1 >  - distancia: 4887.13 - carga: 192
total - 75890.4
optimal_value: 33503
% acima: 126.518%
Demorou  0 ms para ler o arquivo de entrada.
Rota 0 : < 1 131 113 2 19 130 270 172 141 192 238 180 50 1 >  - distancia: 3566.83 - carga: 192
Rota 1 : < 1 39 267 176 198 266 263 70 84 224 153 82 163 242 64 36 89 239 68 59 235 115 249 223 147 135 183 57 40 45 262 126 69 62 90 155 211 1 >  - distancia: 8785.17 - carga: 192
Rota 2 : < 1 101 218 175 150 81 231 244 200 203 129 148 32 195 55 156 174 124 121 35 71 252 178 185 107 240 44 221 268 159 160 1 >  - distancia: 5931.47 - carga: 192
Rota 3 : < 1 97 112 6 196 182 79 245 103 216 214 219 250 164 217 232 95 99 145 149 181 67 33 190 237 27 1 >  - distancia: 5867.02 - carga: 192
Rota 4 : < 1 51 4 116 23 58 122 1 >  - distancia: 3199.21 - carga: 192
Rota 5 : < 1 127 161 17 186 123 166 75 158 78 29 189 96 276 132 256 110 100 38 151 128 76 1 >  - distancia: 3984.19 - carga: 192
Rota 6 : < 1 204 3 226 56 257 271 119 225 146 278 105 136 46 236 34 73 1 >  - distancia: 3926.1 - carga: 192
Rota 7 : < 1 142 7 9 188 165 171 1 >  - distancia: 3044.23 - carga: 192
Rota 8 : < 1 207 5 18 30 177 251 53 1 >  - distancia: 1822.77 - carga: 192
Rota 9 : < 1 77 253 85 87 202 228 41 65 258 31 80 120 167 125 213 111 191 48 273 272 168 94 43 206 102 261 274 139 72 49 280 246 26 91 60 222 133 138 230 63 93 66 144 1 >  - distancia: 11077.3 - carga: 161
Rota 10 : < 1 260 86 208 14 117 88 247 209 83 254 248 234 37 42 184 269 243 215 197 1 >  - distancia: 4418.59 - carga: 192
Rota 11 : < 1 157 20 15 22 199 194 265 1 >  - distancia: 1666.72 - carga: 192
Rota 12 : < 1 104 16 241 98 61 52 109 277 137 229 201 152 264 210 1 >  - distancia: 2955.4 - carga: 192
Rota 13 : < 1 140 10 21 255 134 259 154 1 >  - distancia: 3073.25 - carga: 192
Rota 14 : < 1 24 25 8 143 1 >  - distancia: 3035.55 - carga: 192
Rota 15 : < 1 114 12 162 106 179 205 108 92 212 173 47 193 28 275 187 118 1 >  - distancia: 4506.14 - carga: 192
Rota 16 : < 1 54 13 11 233 227 169 74 170 220 279 1 >  - distancia: 2813.29 - carga: 192
total - 73673.2
optimal_value: 33503
% acima: 119.9%
Demorou  1 ms para ler o arquivo de entrada.
Rota 0 : < 1 161 7 10 43 1 >  - distancia: 2326.5 - carga: 192
Rota 1 : < 1 68 23 191 270 121 184 100 123 69 33 125 109 152 214 207 253 246 53 93 1 >  - distancia: 4619.27 - carga: 192
Rota 2 : < 1 82 208 111 25 83 271 105 107 254 71 151 189 249 134 154 90 164 268 39 57 118 28 273 32 259 1 >  - distancia: 7238.72 - carga: 162
Rota 3 : < 1 232 174 20 22 166 269 176 242 136 112 133 1 >  - distancia: 2750.78 - carga: 192
Rota 4 : < 1 155 104 145 179 106 237 277 241 264 137 201 199 95 215 217 190 203 129 55 98 266 224 211 61 84 67 267 97 116 144 77 192 1 >  - distancia: 7262.97 - carga: 191
Rota 5 : < 1 230 162 131 276 206 132 36 76 38 248 58 117 88 257 64 167 44 274 183 240 258 235 218 220 41 34 74 229 197 194 1 >  - distancia: 5579.81 - carga: 192
Rota 6 : < 1 16 19 247 209 63 234 78 165 31 1 >  - distancia: 2857.62 - carga: 192
Rota 7 : < 1 255 11 21 216 177 204 244 200 122 1 >  - distancia: 2570.98 - carga: 192
Rota 8 : < 1 70 15 198 18 30 233 81 227 175 101 171 127 1 >  - distancia: 2371.5 - carga: 192
Rota 9 : < 1 29 14 5 150 91 1 >  - distancia: 2509.27 - carga: 192
Rota 10 : < 1 222 170 6 182 9 188 169 228 46 196 1 >  - distancia: 2947.58 - carga: 192
Rota 11 : < 1 42 128 8 172 140 223 225 236 120 65 119 226 72 135 278 146 51 280 60 80 115 139 147 59 73 79 66 1 >  - distancia: 5647.75 - carga: 192
Rota 12 : < 1 210 12 17 205 173 260 262 187 1 >  - distancia: 2277.29 - carga: 192
Rota 13 : < 1 26 114 87 2 143 141 89 37 96 94 168 130 178 103 202 279 56 239 48 92 126 193 27 35 138 102 40 275 50 49 180 1 >  - distancia: 8960.81 - carga: 192
Rota 14 : < 1 261 3 252 185 24 272 1 >  - distancia: 2760.78 - carga: 192
Rota 15 : < 1 212 47 256 153 163 142 86 108 113 124 213 186 221 158 45 110 99 149 251 243 148 263 62 160 181 54 231 219 159 156 195 52 157 250 265 1 >  - distancia: 7229.31 - carga: 192
Rota 16 : < 1 75 13 4 245 85 238 1 >  - distancia: 3989.79 - carga: 192
total - 73900.7
optimal_value: 33503
% acima: 120.579%
Demorou  0 ms para ler o arquivo de entrada.
Rota 0 : < 1 261 5 175 188 31 165 101 258 64 115 248 37 86 38 35 100 187 45 1 >  - distancia: 4182.76 - carga: 192
Rota 1 : < 1 95 243 17 125 186 153 36 132 110 163 179 106 162 210 123 269 67 215 194 265 1 >  - distancia: 3388.26 - carga: 192
Rota 2 : < 1 220 11 13 227 233 207 85 136 251 171 1 >  - distancia: 3159.14 - carga: 192
Rota 3 : < 1 141 19 2 191 143 48 65 135 147 104 217 1 >  - distancia: 4333.41 - carga: 192
Rota 4 : < 1 154 9 6 169 196 114 202 182 87 246 1 >  - distancia: 2716.9 - carga: 192
Rota 5 : < 1 161 199 15 176 16 98 137 160 181 1 >  - distancia: 1782.41 - carga: 192
Rota 6 : < 1 32 12 174 241 148 195 159 109 201 203 277 224 211 149 259 1 >  - distancia: 2854.41 - carga: 192
Rota 7 : < 1 256 24 23 29 254 58 249 50 1 >  - distancia: 2931.43 - carga: 192
Rota 8 : < 1 89 25 8 140 172 252 223 107 209 59 51 178 49 180 60 279 272 273 275 43 118 40 63 238 192 66 144 1 >  - distancia: 6778.64 - carga: 192
Rota 9 : < 1 76 128 121 184 10 189 234 71 240 78 276 167 44 112 267 274 242 133 1 >  - distancia: 3110.72 - carga: 192
Rota 10 : < 1 34 3 226 80 146 225 74 46 271 119 105 235 56 72 236 41 280 120 73 1 >  - distancia: 4302.54 - carga: 192
Rota 11 : < 1 33 22 7 42 57 108 205 111 1 >  - distancia: 3041.95 - carga: 192
Rota 12 : < 1 155 20 145 21 244 150 253 26 91 1 >  - distancia: 2571.91 - carga: 192
Rota 13 : < 1 264 18 177 81 231 266 198 166 113 131 208 124 213 47 92 173 260 262 126 138 1 >  - distancia: 3472.74 - carga: 192
Rota 14 : < 1 30 214 152 255 219 84 216 229 204 54 197 53 129 263 250 134 156 190 61 164 157 55 82 193 237 212 99 97 122 102 268 62 27 230 93 1 >  - distancia: 8071.05 - carga: 161
Rota 15 : < 1 218 14 239 185 117 257 68 88 278 247 83 270 151 28 142 158 75 69 232 1 >  - distancia: 3785.41 - carga: 192
Rota 16 : < 1 200 4 116 245 79 103 77 228 170 222 39 139 96 168 183 70 90 52 127 206 94 130 221 1 >  - distancia: 6483.43 - carga: 192
total - 66967.1
optimal_value: 33503
% acima: 99.8839%
Demorou  0 ms para ler o arquivo de entrada.
Rota 0 : < 1 55 16 20 137 195 129 156 157 1 >  - distancia: 1041.24 - carga: 192
Rota 1 : < 1 260 86 19 151 276 58 71 167 158 163 92 208 193 205 36 125 82 47 121 275 40 1 >  - distancia: 5424.49 - carga: 192
Rota 2 : < 1 74 13 85 101 220 60 34 59 269 268 39 171 263 154 90 232 155 27 217 102 133 194 75 272 168 118 178 49 72 135 73 83 238 180 192 1 >  - distancia: 9418.38 - carga: 186
Rota 3 : < 1 274 7 68 257 105 119 235 46 136 31 218 175 170 279 222 1 >  - distancia: 3487.21 - carga: 192
Rota 4 : < 1 265 18 233 207 227 177 255 204 251 215 201 250 109 149 203 159 32 173 37 28 94 1 >  - distancia: 5363.32 - carga: 192
Rota 5 : < 1 148 264 12 186 179 210 162 124 213 256 132 45 122 1 >  - distancia: 2785.19 - carga: 192
Rota 6 : < 1 221 131 106 22 21 134 84 152 200 259 1 >  - distancia: 2033.29 - carga: 192
Rota 7 : < 1 267 97 183 6 116 79 196 114 30 81 229 266 198 224 243 161 95 1 >  - distancia: 3332.48 - carga: 192
Rota 8 : < 1 242 176 4 182 202 169 228 245 103 214 231 181 219 197 93 91 160 230 1 >  - distancia: 5270.13 - carga: 168
Rota 9 : < 1 115 5 150 188 24 1 >  - distancia: 3251.06 - carga: 192
Rota 10 : < 1 226 3 278 9 253 87 77 26 144 1 >  - distancia: 3152.49 - carga: 192
Rota 11 : < 1 262 142 38 2 141 143 89 270 130 140 239 247 209 225 65 189 249 107 56 50 1 >  - distancia: 4666.39 - carga: 192
Rota 12 : < 1 23 29 117 64 252 172 223 146 258 80 120 51 41 165 234 43 240 139 100 128 1 >  - distancia: 4874.08 - carga: 192
Rota 13 : < 1 10 14 191 185 88 1 >  - distancia: 2535.54 - carga: 192
Rota 14 : < 1 113 17 15 11 54 53 1 >  - distancia: 2248.52 - carga: 192
Rota 15 : < 1 8 25 254 96 147 248 153 42 78 112 271 236 280 216 246 66 1 >  - distancia: 5415.36 - carga: 191
Rota 16 : < 1 237 166 33 123 174 104 145 241 277 164 190 98 52 61 62 70 244 199 127 69 67 44 108 111 212 99 76 110 261 211 184 206 57 138 35 187 126 273 48 63 1 >  - distancia: 8183.66 - carga: 192
total - 72482.8
optimal_value: 33503
% acima: 116.347%
Demorou  0 ms para ler o arquivo de entrada.
Rota 0 : < 1 260 21 18 188 81 30 227 1 >  - distancia: 3271.47 - carga: 192
Rota 1 : < 1 180 8 89 143 257 209 272 225 60 236 120 80 50 189 249 107 223 142 275 35 206 96 115 228 202 66 280 73 72 239 130 1 >  - distancia: 7605.68 - carga: 165
Rota 2 : < 1 97 10 13 169 253 87 77 26 144 1 >  - distancia: 3224.31 - carga: 192
Rota 3 : < 1 187 12 27 19 247 140 172 141 192 238 1 >  - distancia: 3992.18 - carga: 192
Rota 4 : < 1 122 14 185 252 88 234 226 117 56 254 278 271 135 147 64 165 218 1 >  - distancia: 3909.3 - carga: 192
Rota 5 : < 1 94 23 29 58 240 248 121 262 108 153 110 205 213 111 47 113 237 33 1 >  - distancia: 3952.1 - carga: 192
Rota 6 : < 1 166 269 132 256 276 71 36 38 184 37 42 76 128 112 267 274 167 261 163 78 44 176 263 149 61 164 62 32 232 155 194 1 >  - distancia: 5032.39 - carga: 192
Rota 7 : < 1 93 53 150 244 200 84 134 203 129 157 154 190 52 123 95 211 198 158 75 148 70 55 160 156 214 54 219 255 106 90 216 104 124 230 268 231 171 279 222 1 >  - distancia: 9133.36 - carga: 192
Rota 8 : < 1 139 11 24 270 191 83 105 119 258 235 1 >  - distancia: 3715.33 - carga: 192
Rota 9 : < 1 63 2 3 146 178 49 1 >  - distancia: 2826.28 - carga: 192
Rota 10 : < 1 181 20 22 243 215 31 175 220 170 114 103 85 91 1 >  - distancia: 2941.29 - carga: 192
Rota 11 : < 1 68 25 7 151 273 28 100 126 86 92 1 >  - distancia: 3248.5 - carga: 192
Rota 12 : < 1 118 16 145 159 17 186 125 208 193 45 1 >  - distancia: 3432.34 - carga: 192
Rota 13 : < 1 4 6 74 59 34 41 51 1 >  - distancia: 2544.34 - carga: 192
Rota 14 : < 1 250 224 199 183 136 204 251 242 245 196 116 79 246 101 46 182 65 67 173 82 221 212 99 217 39 69 265 102 133 57 168 40 48 43 138 259 1 >  - distancia: 8897.09 - carga: 188
Rota 15 : < 1 195 15 266 229 152 201 137 98 277 179 131 162 210 174 241 264 109 127 1 >  - distancia: 3213.26 - carga: 192
Rota 16 : < 1 161 5 233 9 207 177 197 1 >  - distancia: 1916.34 - carga: 192
total - 72855.6
optimal_value: 33503
% acima: 117.46%
Demorou  0 ms para ler o arquivo de entrada.
Rota 0 : < 1 127 3 107 2 141 192 48 1 >  - distancia: 2860.44 - carga: 192
Rota 1 : < 1 137 55 157 201 160 195 250 203 263 181 150 246 279 88 96 272 28 172 234 99 75 207 245 182 60 44 170 149 62 164 61 274 151 94 168 35 206 118 40 130 45 90 217 268 211 1 >  - distancia: 10313 - carga: 192
Rota 2 : < 1 256 125 17 208 205 124 210 237 123 131 221 106 33 158 267 215 183 97 46 30 214 91 1 >  - distancia: 3834.65 - carga: 192
Rota 3 : < 1 247 7 248 42 37 76 184 128 71 121 36 57 153 100 262 126 138 1 >  - distancia: 3625.58 - carga: 192
Rota 4 : < 1 93 81 11 244 14 254 163 276 102 1 >  - distancia: 2898.31 - carga: 192
Rota 5 : < 1 177 5 6 196 202 228 66 144 1 >  - distancia: 2418.47 - carga: 192
Rota 6 : < 1 113 10 22 109 241 148 264 104 265 1 >  - distancia: 2885.86 - carga: 192
Rota 7 : < 1 68 117 16 174 166 161 95 112 176 240 139 58 189 147 249 115 122 180 1 >  - distancia: 5173.41 - carga: 192
Rota 8 : < 1 178 4 116 79 114 253 85 188 175 218 101 136 251 53 171 1 >  - distancia: 3528.57 - carga: 192
Rota 9 : < 1 103 13 19 8 238 1 >  - distancia: 3644.95 - carga: 192
Rota 10 : < 1 222 18 227 87 233 255 216 84 200 204 198 67 266 224 242 39 271 199 269 261 1 >  - distancia: 4602.17 - carga: 192
Rota 11 : < 1 9 21 129 156 70 134 229 219 197 1 >  - distancia: 2379.79 - carga: 192
Rota 12 : < 1 173 86 111 212 82 108 38 275 29 278 64 31 92 47 260 69 74 77 231 165 270 273 239 63 232 155 27 230 193 187 133 194 154 26 1 >  - distancia: 10452.5 - carga: 161
Rota 13 : < 1 236 51 25 12 162 213 186 110 1 >  - distancia: 3582.31 - carga: 192
Rota 14 : < 1 142 24 23 167 78 132 43 1 >  - distancia: 3086.05 - carga: 192
Rota 15 : < 1 72 119 225 105 140 252 185 209 83 191 143 89 226 257 223 146 235 56 135 80 34 220 258 169 59 73 65 54 41 280 120 50 49 1 >  - distancia: 6520.65 - carga: 192
Rota 16 : < 1 15 20 32 159 145 98 190 52 243 179 277 152 259 1 >  - distancia: 2489.1 - carga: 192
total - 74295.8
optimal_value: 33503
% acima: 121.759%
Demorou  0 ms para ler o arquivo de entrada.
Rota 0 : < 1 256 110 166 75 167 38 275 276 42 248 205 128 100 173 212 47 92 104 62 90 27 155 127 35 115 135 72 73 49 180 50 168 118 187 122 192 1 >  - distancia: 9387.47 - carga: 164
Rota 1 : < 1 10 23 64 249 58 254 234 43 40 1 >  - distancia: 2389.24 - carga: 192
Rota 2 : < 1 81 175 169 3 172 107 80 120 280 65 51 236 34 279 202 145 263 250 149 195 160 69 1 >  - distancia: 4881.33 - carga: 192
Rota 3 : < 1 109 20 55 201 129 148 264 157 137 203 243 95 183 39 251 101 46 31 170 222 1 >  - distancia: 3699.59 - carga: 192
Rota 4 : < 1 273 24 191 252 223 19 270 130 151 28 142 76 262 1 >  - distancia: 3397.67 - carga: 192
Rota 5 : < 1 150 21 13 85 114 1 >  - distancia: 2040.03 - carga: 192
Rota 6 : < 1 199 11 18 22 164 1 >  - distancia: 1926.92 - carga: 191
Rota 7 : < 1 99 17 5 53 204 136 112 97 44 1 >  - distancia: 2750.6 - carga: 192
Rota 8 : < 1 161 16 98 241 6 66 144 1 >  - distancia: 3055.25 - carga: 192
Rota 9 : < 1 57 153 132 36 121 37 184 71 163 45 78 158 269 67 84 218 171 198 277 176 52 217 211 190 258 227 134 216 200 154 61 259 1 >  - distancia: 6441.08 - carga: 192
Rota 10 : < 1 267 133 274 12 106 221 131 113 162 123 179 237 186 111 86 1 >  - distancia: 3128.14 - carga: 192
Rota 11 : < 1 14 8 185 83 143 272 208 261 268 102 139 56 70 214 91 1 >  - distancia: 5270.82 - carga: 190
Rota 12 : < 1 93 9 15 266 229 242 215 224 159 210 174 232 33 1 >  - distancia: 2960.12 - carga: 192
Rota 13 : < 1 238 140 117 68 88 271 225 226 278 247 48 257 119 74 220 182 253 246 196 103 77 116 245 87 26 32 156 181 194 1 >  - distancia: 6005.67 - carga: 192
Rota 14 : < 1 230 82 108 125 213 124 2 146 105 178 59 60 235 41 240 147 189 94 63 1 >  - distancia: 5204 - carga: 192
Rota 15 : < 1 29 7 25 89 141 239 209 96 206 126 260 193 138 1 >  - distancia: 3662.67 - carga: 192
Rota 16 : < 1 265 4 79 30 177 233 255 152 207 188 228 165 244 54 197 231 219 1 >  - distancia: 3898.05 - carga: 192
total - 70098.7
optimal_value: 33503
% acima: 109.231%
Demorou  0 ms para ler o arquivo de entrada.
Rota 0 : < 1 241 104 98 159 32 148 145 157 264 195 201 134 101 233 219 214 91 182 280 96 168 275 141 63 239 99 139 206 40 107 49 238 48 192 28 249 50 122 102 138 118 222 26 1 >  - distancia: 9863.88 - carga: 161
Rota 1 : < 1 223 25 8 140 185 209 247 270 130 58 234 71 57 163 75 268 127 1 >  - distancia: 3576.7 - carga: 192
Rota 2 : < 1 277 90 199 243 136 31 218 188 227 30 175 228 53 54 231 220 236 73 207 246 113 106 27 125 212 92 126 100 187 45 261 111 230 154 1 >  - distancia: 6802.69 - carga: 192
Rota 3 : < 1 116 79 3 117 68 254 19 272 43 1 >  - distancia: 3319.24 - carga: 192
Rota 4 : < 1 255 4 196 202 169 74 51 59 60 225 105 29 240 115 42 151 273 1 >  - distancia: 4123.44 - carga: 192
Rota 5 : < 1 176 215 224 109 266 112 274 167 44 251 183 133 67 97 258 135 56 189 147 83 128 262 184 88 37 208 221 237 186 69 213 103 144 66 279 171 93 72 1 >  - distancia: 8174.14 - carga: 192
Rota 6 : < 1 149 20 11 244 84 203 250 129 55 137 190 164 265 1 >  - distancia: 2315.36 - carga: 192
Rota 7 : < 1 38 7 24 94 1 >  - distancia: 2385.42 - carga: 192
Rota 8 : < 1 36 12 22 95 269 153 132 1 >  - distancia: 2840.12 - carga: 192
Rota 9 : < 1 85 14 191 89 252 226 257 64 108 193 47 124 179 210 155 160 1 >  - distancia: 4008.13 - carga: 192
Rota 10 : < 1 65 23 271 119 80 146 172 278 276 121 142 35 248 166 174 232 33 1 >  - distancia: 4342.26 - carga: 192
Rota 11 : < 1 82 2 143 18 81 177 197 1 >  - distancia: 3247.2 - carga: 192
Rota 12 : < 1 156 16 10 78 158 194 1 >  - distancia: 1961.12 - carga: 192
Rota 13 : < 1 9 21 216 152 229 263 52 61 1 >  - distancia: 1778.3 - carga: 192
Rota 14 : < 1 235 6 17 162 123 256 110 131 205 86 1 >  - distancia: 4284.12 - carga: 192
Rota 15 : < 1 260 13 253 150 114 245 87 77 170 165 46 41 34 120 178 180 173 76 70 259 62 211 181 217 1 >  - distancia: 7184.89 - carga: 192
Rota 16 : < 1 200 5 15 198 204 242 161 267 39 1 >  - distancia: 2169.59 - carga: 192
total - 72376.6
optimal_value: 33503
% acima: 116.03%
Demorou  0 ms para ler o arquivo de entrada.
Rota 0 : < 1 194 7 3 107 1 >  - distancia: 2576.97 - carga: 192
Rota 1 : < 1 186 20 55 98 18 207 216 255 214 188 53 1 >  - distancia: 3119.05 - carga: 192
Rota 2 : < 1 8 25 83 140 172 185 68 257 58 64 119 236 34 59 73 1 >  - distancia: 3939.86 - carga: 192
Rota 3 : < 1 110 153 24 130 105 178 223 248 71 42 158 261 39 182 228 46 115 220 235 120 279 280 141 192 1 >  - distancia: 6577.65 - carga: 192
Rota 4 : < 1 271 13 152 203 263 32 159 148 52 181 234 43 168 94 76 45 250 149 160 212 230 155 1 >  - distancia: 6440.21 - carga: 173
Rota 5 : < 1 147 14 2 89 239 1 >  - distancia: 2685.13 - carga: 192
Rota 6 : < 1 191 10 29 254 247 270 272 151 273 37 240 44 133 274 136 31 251 109 211 90 1 >  - distancia: 3844.02 - carga: 192
Rota 7 : < 1 56 226 117 252 17 213 113 163 205 132 131 179 221 123 210 166 33 75 265 1 >  - distancia: 4499.45 - carga: 192
Rota 8 : < 1 97 267 22 4 116 103 74 170 246 77 1 >  - distancia: 3475.25 - carga: 192
Rota 9 : < 1 206 12 15 161 198 266 81 1 >  - distancia: 2786.46 - carga: 192
Rota 10 : < 1 35 36 142 256 125 82 108 173 260 38 184 275 121 57 208 193 111 128 88 143 278 146 225 60 80 72 51 41 222 49 180 238 118 1 >  - distancia: 6963.34 - carga: 181
Rota 11 : < 1 30 23 6 245 79 196 202 66 144 1 >  - distancia: 3201.39 - carga: 192
Rota 12 : < 1 78 167 276 11 229 200 84 227 114 233 204 242 169 175 218 258 135 1 >  - distancia: 4279.47 - carga: 192
Rota 13 : < 1 5 9 150 253 85 87 26 91 1 >  - distancia: 1651.41 - carga: 192
Rota 14 : < 1 21 177 54 241 174 69 99 277 62 164 162 124 47 86 100 92 262 138 187 126 1 >  - distancia: 4472.61 - carga: 192
Rota 15 : < 1 67 269 183 112 165 176 199 95 217 243 127 224 190 61 215 244 134 129 157 70 259 104 232 237 106 27 101 65 209 96 249 50 139 102 268 171 231 219 197 93 122 48 63 28 40 1 >  - distancia: 9223.69 - carga: 192
Rota 16 : < 1 189 19 16 145 137 195 264 201 156 154 1 >  - distancia: 2912.35 - carga: 191
total - 72648.3
optimal_value: 33503
% acima: 116.841%
