
Demorou  0 ms para ler o arquivo de entrada.
Rota 0 : < 1 198 12 108 125 132 254 189 257 72 59 73 41 228 115 122 57 35 94 135 178 50 261 194 1 >  - distancia: 5704.15 - carga: 192
Rota 1 : < 1 5 227 3 107 130 1 >  - distancia: 2820.72 - carga: 192
Rota 2 : < 1 133 10 29 25 89 272 273 151 28 40 51 120 192 238 66 144 1 >  - distancia: 4778.2 - carga: 176
Rota 3 : < 1 162 17 186 113 7 168 184 1 >  - distancia: 2497.58 - carga: 192
Rota 4 : < 1 236 23 58 119 80 258 117 234 42 118 163 110 173 47 212 111 124 274 265 1 >  - distancia: 4560.24 - carga: 192
Rota 5 : < 1 116 169 170 202 245 182 103 4 114 246 196 253 244 231 197 97 1 >  - distancia: 3792.37 - carga: 192
Rota 6 : < 1 232 174 123 166 167 67 210 277 149 224 52 203 250 154 264 145 215 200 137 251 70 134 148 160 183 267 213 230 75 127 146 49 239 63 34 1 >  - distancia: 8505.91 - carga: 192
Rota 7 : < 1 112 16 104 98 55 109 199 266 152 150 87 81 207 1 >  - distancia: 3285.56 - carga: 192
Rota 8 : < 1 233 18 30 85 188 53 218 175 46 226 56 271 220 105 235 31 54 242 1 >  - distancia: 3520.85 - carga: 192
Rota 9 : < 1 96 24 71 206 78 161 269 256 158 248 142 262 76 37 147 249 139 243 237 33 268 39 171 93 1 >  - distancia: 5177.13 - carga: 192
Rota 10 : < 1 217 15 22 131 106 221 179 176 136 165 204 84 263 181 1 >  - distancia: 2579.22 - carga: 192
Rota 11 : < 1 180 8 172 140 223 68 64 225 280 60 74 279 101 79 65 82 86 92 260 44 102 187 27 126 275 43 1 >  - distancia: 7463.2 - carga: 180
Rota 12 : < 1 77 6 14 88 276 45 99 208 193 1 >  - distancia: 3376.91 - carga: 192
Rota 13 : < 1 9 20 32 241 159 164 95 90 211 190 62 69 205 138 1 >  - distancia: 3700.99 - carga: 192
Rota 14 : < 1 36 121 153 128 38 100 2 141 143 83 229 216 255 214 157 195 259 155 1 >  - distancia: 5071.14 - carga: 189
Rota 15 : < 1 61 21 129 156 201 13 91 1 >  - distancia: 2028.7 - carga: 192
Rota 16 : < 1 222 11 19 185 247 270 191 48 252 209 278 240 177 219 26 1 >  - distancia: 4914.16 - carga: 192
total - 73777
optimal_value: 33503
% acima: 120.21%
Demorou  0 ms para ler o arquivo de entrada.
Rota 0 : < 1 257 8 252 89 2 172 238 147 249 139 102 1 >  - distancia: 3146.68 - carga: 192
Rota 1 : < 1 258 25 191 247 83 278 56 235 146 34 280 256 31 128 57 240 64 87 220 60 39 178 180 239 273 118 48 49 1 >  - distancia: 9034.09 - carga: 191
Rota 2 : < 1 160 137 20 148 264 32 145 157 134 70 195 159 164 232 106 92 260 262 126 168 35 187 138 115 122 50 279 66 144 26 1 >  - distancia: 5274.42 - carga: 181
Rota 3 : < 1 150 5 227 15 109 224 263 216 1 >  - distancia: 2078.83 - carga: 191
Rota 4 : < 1 63 209 10 24 185 223 143 141 192 1 >  - distancia: 3500.63 - carga: 192
Rota 5 : < 1 136 112 133 44 167 58 189 269 45 99 215 266 131 124 113 110 212 205 47 111 210 90 211 166 33 127 95 243 217 251 53 93 181 1 >  - distancia: 5910.19 - carga: 192
Rota 6 : < 1 222 19 3 254 88 29 119 225 51 120 1 >  - distancia: 3814.46 - carga: 192
Rota 7 : < 1 17 186 125 276 78 18 253 207 255 244 219 1 >  - distancia: 2737.69 - carga: 192
Rota 8 : < 1 85 14 38 71 42 248 184 234 226 188 81 204 200 169 218 1 >  - distancia: 4864.65 - carga: 192
Rota 9 : < 1 69 12 162 179 277 52 190 104 174 237 153 100 132 82 27 1 >  - distancia: 3229.16 - carga: 192
Rota 10 : < 1 11 4 245 116 233 152 197 1 >  - distancia: 2447.13 - carga: 192
Rota 11 : < 1 198 67 183 158 261 163 108 173 86 36 76 37 142 121 206 161 203 149 242 177 74 59 65 103 202 214 91 231 267 194 154 156 259 1 >  - distancia: 5952.18 - carga: 189
Rota 12 : < 1 176 229 201 61 55 98 129 241 62 123 208 213 75 97 101 182 165 171 228 41 73 170 236 72 80 270 272 130 28 94 43 274 221 268 155 230 193 275 40 1 >  - distancia: 9101.58 - carga: 177
Rota 13 : < 1 84 16 21 250 1 >  - distancia: 1713.36 - carga: 192
Rota 14 : < 1 199 22 23 117 105 140 107 271 135 68 96 1 >  - distancia: 3091.17 - carga: 192
Rota 15 : < 1 265 7 151 6 175 54 1 >  - distancia: 3065.87 - carga: 192
Rota 16 : < 1 46 13 30 9 196 79 114 246 77 1 >  - distancia: 2856.51 - carga: 192
total - 71818.6
optimal_value: 33503
% acima: 114.365%
Demorou  0 ms para ler o arquivo de entrada.
Rota 0 : < 1 229 244 5 81 188 54 136 176 251 165 53 242 97 183 213 260 1 >  - distancia: 3797.99 - carga: 192
Rota 1 : < 1 55 11 177 21 255 84 109 250 1 >  - distancia: 1775.45 - carga: 191
Rota 2 : < 1 38 17 82 108 212 173 111 92 208 100 126 179 267 122 134 181 231 237 155 62 184 43 274 57 28 94 39 157 61 1 >  - distancia: 8148.06 - carga: 192
Rota 3 : < 1 163 16 98 148 19 130 270 272 151 273 1 >  - distancia: 4010.73 - carga: 192
Rota 4 : < 1 269 23 240 258 140 146 254 96 223 88 56 58 29 189 128 262 47 86 124 268 1 >  - distancia: 4919.9 - carga: 192
Rota 5 : < 1 119 14 9 85 114 246 218 41 120 1 >  - distancia: 3595.27 - carga: 192
Rota 6 : < 1 18 12 241 32 195 145 1 >  - distancia: 2190.98 - carga: 192
Rota 7 : < 1 152 20 201 129 70 264 203 31 158 64 249 116 87 26 77 217 194 33 35 138 193 168 187 275 52 160 219 197 1 >  - distancia: 7502.79 - carga: 191
Rota 8 : < 1 230 15 198 7 121 42 71 206 102 1 >  - distancia: 3057.06 - carga: 192
Rota 9 : < 1 50 2 83 247 248 40 153 36 110 45 261 133 200 211 137 190 159 263 95 99 127 90 156 259 1 >  - distancia: 4992.85 - carga: 192
Rota 10 : < 1 154 149 224 243 266 215 199 123 186 256 132 37 142 76 205 162 166 75 106 210 104 221 204 171 245 202 60 103 144 66 222 1 >  - distancia: 6446.27 - carga: 188
Rota 11 : < 1 257 10 234 25 89 191 239 271 115 161 1 >  - distancia: 3235.77 - carga: 192
Rota 12 : < 1 105 24 22 167 112 125 131 113 27 1 >  - distancia: 3927.27 - carga: 192
Rota 13 : < 1 164 3 252 172 185 68 80 235 101 228 225 34 236 51 280 178 180 59 73 135 72 1 >  - distancia: 4539.29 - carga: 192
Rota 14 : < 1 207 233 13 227 253 182 196 170 220 279 226 276 67 277 174 232 69 265 1 >  - distancia: 3595.19 - carga: 192
Rota 15 : < 1 65 6 169 79 30 216 214 91 78 44 139 278 147 107 143 209 63 141 192 238 48 49 118 1 >  - distancia: 6141.2 - carga: 167
Rota 16 : < 1 117 8 4 74 46 150 175 93 1 >  - distancia: 3547.97 - carga: 192
total - 75424.1
optimal_value: 33503
% acima: 125.126%
Demorou  3 ms para ler o arquivo de entrada.
Rota 0 : < 1 262 7 58 64 117 68 223 257 147 112 198 274 67 166 69 194 1 >  - distancia: 3779.15 - carga: 192
Rota 1 : < 1 276 163 17 124 205 186 131 208 47 174 136 53 242 171 101 228 218 77 41 246 202 66 144 1 >  - distancia: 5768.92 - carga: 192
Rota 2 : < 1 244 9 14 172 146 59 105 49 73 1 >  - distancia: 3388.7 - carga: 192
Rota 3 : < 1 251 2 19 247 209 191 89 151 94 43 1 >  - distancia: 3333.22 - carga: 192
Rota 4 : < 1 252 23 10 71 142 248 40 1 >  - distancia: 3071.59 - carga: 192
Rota 5 : < 1 30 4 196 79 182 245 119 29 110 102 99 106 268 39 97 231 127 265 91 26 1 >  - distancia: 5620.83 - carga: 186
Rota 6 : < 1 104 201 109 217 211 224 183 78 38 100 108 153 113 123 161 243 90 52 145 164 162 132 128 57 96 270 272 184 275 168 206 115 122 93 1 >  - distancia: 6491.7 - carga: 192
Rota 7 : < 1 188 11 233 255 87 103 85 216 214 203 266 267 54 197 250 181 149 212 86 193 260 126 138 76 60 141 63 28 130 273 35 118 27 187 230 1 >  - distancia: 8864.69 - carga: 192
Rota 8 : < 1 44 167 15 176 3 278 74 236 51 1 >  - distancia: 3375.77 - carga: 192
Rota 9 : < 1 271 226 235 114 20 157 137 160 55 32 129 156 70 210 61 62 33 200 190 154 75 170 222 1 >  - distancia: 6506.41 - carga: 192
Rota 10 : < 1 158 22 16 98 241 179 232 221 237 155 1 >  - distancia: 2337.99 - carga: 192
Rota 11 : < 1 21 13 150 175 207 219 1 >  - distancia: 1568.09 - carga: 192
Rota 12 : < 1 258 12 125 213 82 173 111 92 36 121 37 269 1 >  - distancia: 3837.99 - carga: 192
Rota 13 : < 1 180 5 81 84 152 215 95 199 229 263 277 264 134 159 148 195 259 1 >  - distancia: 4359.2 - carga: 192
Rota 14 : < 1 31 18 227 253 204 169 177 46 165 256 45 42 240 234 189 225 56 80 135 50 1 >  - distancia: 5374.44 - carga: 192
Rota 15 : < 1 116 6 8 140 143 192 107 178 249 139 133 72 238 1 >  - distancia: 4685.27 - carga: 167
Rota 16 : < 1 261 24 83 25 88 239 254 185 48 220 65 120 34 280 279 1 >  - distancia: 4070.77 - carga: 192
total - 76434.7
optimal_value: 33503
% acima: 128.143%
Demorou  0 ms para ler o arquivo de entrada.
Rota 0 : < 1 257 3 140 172 117 226 225 80 271 235 51 73 120 59 245 144 26 66 1 >  - distancia: 4046.49 - carga: 190
Rota 1 : < 1 143 8 185 209 25 88 96 248 86 126 105 107 34 178 135 115 147 168 43 275 1 >  - distancia: 6088.23 - carga: 182
Rota 2 : < 1 169 4 14 239 63 1 >  - distancia: 2998.79 - carga: 191
Rota 3 : < 1 279 5 18 150 244 152 134 1 >  - distancia: 2107.3 - carga: 192
Rota 4 : < 1 268 121 22 12 124 256 82 1 >  - distancia: 3084.18 - carga: 192
Rota 5 : < 1 78 64 23 68 189 161 67 97 71 42 57 110 206 240 215 175 93 231 46 101 218 222 1 >  - distancia: 4664.77 - carga: 192
Rota 6 : < 1 224 98 164 241 190 52 149 243 199 198 183 267 251 179 106 232 229 204 39 165 31 242 112 266 95 176 263 99 45 79 1 >  - distancia: 6136.71 - carga: 192
Rota 7 : < 1 145 10 254 19 270 130 252 223 258 60 280 49 1 >  - distancia: 3559.64 - carga: 192
Rota 8 : < 1 261 7 191 48 83 89 58 53 207 255 274 203 75 139 133 44 72 50 171 249 180 238 192 1 >  - distancia: 6979.82 - carga: 183
Rota 9 : < 1 163 167 29 119 146 278 56 65 220 170 228 196 30 114 188 246 85 227 54 74 41 182 216 61 154 214 91 219 127 27 230 102 62 155 1 >  - distancia: 7661.66 - carga: 186
Rota 10 : < 1 109 264 32 15 269 132 153 158 234 36 100 38 128 108 212 47 111 92 193 1 >  - distancia: 4100.94 - carga: 192
Rota 11 : < 1 253 16 159 201 157 55 250 104 277 210 237 90 33 217 211 213 76 138 262 260 35 187 40 122 197 1 >  - distancia: 5654.96 - carga: 189
Rota 12 : < 1 118 24 2 141 247 272 273 94 1 >  - distancia: 2988.42 - carga: 192
Rota 13 : < 1 173 20 137 13 233 70 129 156 259 1 >  - distancia: 3321.59 - carga: 192
Rota 14 : < 1 194 17 186 123 166 174 162 69 221 276 125 208 131 113 205 142 151 28 184 37 1 >  - distancia: 4539.36 - carga: 192
Rota 15 : < 1 136 177 81 11 6 103 116 87 202 77 1 >  - distancia: 2859.46 - carga: 192
Rota 16 : < 1 236 9 21 84 200 148 195 160 181 265 1 >  - distancia: 3184.8 - carga: 192
total - 73977.1
optimal_value: 33503
% acima: 120.807%
Demorou  0 ms para ler o arquivo de entrada.
Rota 0 : < 1 104 20 109 244 204 225 220 51 235 64 158 75 45 206 254 248 147 249 44 139 270 273 272 63 1 >  - distancia: 5688.64 - carga: 191
Rota 1 : < 1 163 9 11 152 229 176 224 263 250 52 203 190 1 >  - distancia: 2992.87 - carga: 192
Rota 2 : < 1 144 21 19 38 142 184 76 262 205 212 268 194 1 >  - distancia: 4529.56 - carga: 192
Rota 3 : < 1 161 183 267 112 78 167 58 226 119 59 12 27 213 230 1 >  - distancia: 3247.06 - carga: 192
Rota 4 : < 1 275 8 172 140 117 271 165 269 82 108 124 210 69 265 137 70 259 145 159 1 >  - distancia: 4571.46 - carga: 175
Rota 5 : < 1 55 16 3 107 178 1 >  - distancia: 2544.72 - carga: 192
Rota 6 : < 1 236 5 177 198 84 200 255 123 36 240 67 133 95 90 148 160 62 216 91 1 >  - distancia: 5678.68 - carga: 192
Rota 7 : < 1 243 4 245 182 103 116 79 85 241 195 157 154 211 164 134 214 219 156 217 155 1 >  - distancia: 5089.5 - carga: 191
Rota 8 : < 1 179 131 17 186 174 162 221 113 106 232 237 125 173 260 92 208 47 132 99 33 1 >  - distancia: 3524.23 - carga: 192
Rota 9 : < 1 168 14 18 30 150 114 196 171 1 >  - distancia: 3343.66 - carga: 192
Rota 10 : < 1 10 22 129 201 264 277 149 181 98 32 1 >  - distancia: 2650.7 - carga: 192
Rota 11 : < 1 253 2 143 89 141 257 105 278 71 234 42 128 118 46 34 56 50 73 222 66 26 1 >  - distancia: 5280.74 - carga: 187
Rota 12 : < 1 88 24 247 209 252 185 191 83 48 68 96 151 28 94 189 223 146 49 115 72 53 93 77 228 279 1 >  - distancia: 5365.85 - carga: 192
Rota 13 : < 1 13 207 227 175 218 74 65 280 258 80 266 251 97 170 41 60 120 239 111 193 261 127 35 187 138 43 40 122 1 >  - distancia: 7117.51 - carga: 192
Rota 14 : < 1 166 25 7 37 121 100 126 86 1 >  - distancia: 2954.27 - carga: 192
Rota 15 : < 1 61 15 199 215 136 242 39 274 276 57 256 110 31 101 81 233 54 197 231 153 102 135 180 238 192 1 >  - distancia: 5655.39 - carga: 185
Rota 16 : < 1 130 23 29 6 169 87 188 246 202 1 >  - distancia: 3784.91 - carga: 192
total - 74019.8
optimal_value: 33503
% acima: 120.935%
Demorou  1 ms para ler o arquivo de entrada.
Rota 0 : < 1 57 16 104 241 179 174 221 166 242 46 218 204 207 233 91 197 1 >  - distancia: 4015.4 - carga: 192
Rota 1 : < 1 137 20 201 264 129 148 32 195 70 55 134 203 52 200 159 277 145 154 250 181 211 62 1 >  - distancia: 3256.92 - carga: 192
Rota 2 : < 1 108 24 128 8 140 226 235 119 65 279 1 >  - distancia: 3867.25 - carga: 192
Rota 3 : < 1 249 58 29 64 112 271 72 236 170 74 220 78 139 258 120 278 80 115 229 164 95 67 261 100 234 143 192 238 135 122 126 40 43 193 1 >  - distancia: 8461.81 - carga: 163
Rota 4 : < 1 208 25 14 257 225 146 105 178 41 51 34 48 1 >  - distancia: 4213.54 - carga: 192
Rota 5 : < 1 5 165 19 270 130 89 83 272 151 273 28 168 239 50 1 >  - distancia: 3588.21 - carga: 192
Rota 6 : < 1 224 10 167 71 36 173 86 47 111 212 121 99 158 127 44 255 156 232 155 259 1 >  - distancia: 5138.03 - carga: 191
Rota 7 : < 1 2 141 23 117 56 240 1 >  - distancia: 2897.32 - carga: 192
Rota 8 : < 1 150 196 116 87 81 176 198 109 269 123 124 230 82 92 260 262 138 263 157 90 216 214 97 149 231 171 228 77 26 114 274 39 217 190 265 61 194 222 66 144 1 >  - distancia: 9468.84 - carga: 191
Rota 9 : < 1 69 15 161 183 199 163 3 185 63 1 >  - distancia: 3244.58 - carga: 192
Rota 10 : < 1 60 7 37 254 96 252 172 247 209 68 191 88 223 107 280 180 49 1 >  - distancia: 4802.33 - carga: 192
Rota 11 : < 1 79 13 18 227 85 177 251 84 160 1 >  - distancia: 2359.74 - carga: 192
Rota 12 : < 1 22 9 188 101 31 53 253 246 169 202 59 266 133 102 1 >  - distancia: 3918.73 - carga: 192
Rota 13 : < 1 244 21 17 125 131 186 113 1 >  - distancia: 2467.47 - carga: 192
Rota 14 : < 1 142 12 210 213 256 132 45 75 153 76 189 147 42 206 184 35 187 275 94 118 33 1 >  - distancia: 5007.4 - carga: 192
Rota 15 : < 1 73 11 4 182 175 93 215 152 219 54 1 >  - distancia: 3800.21 - carga: 192
Rota 16 : < 1 103 6 245 30 136 267 276 110 38 248 205 162 27 106 237 98 243 268 1 >  - distancia: 4639.38 - carga: 192
total - 75147.2
optimal_value: 33503
% acima: 124.3%
Demorou  1 ms para ler o arquivo de entrada.
Rota 0 : < 1 243 67 183 176 199 266 20 241 98 263 159 195 32 162 106 99 149 190 201 61 1 >  - distancia: 3765.88 - carga: 192
Rota 1 : < 1 148 18 233 81 229 216 214 70 137 250 277 211 200 55 156 52 203 217 164 265 127 57 40 102 261 133 139 168 43 118 1 >  - distancia: 5765.33 - carga: 192
Rota 2 : < 1 160 264 3 257 117 146 105 49 178 235 59 120 46 64 251 267 44 95 134 219 181 259 91 1 >  - distancia: 5133.14 - carga: 192
Rota 3 : < 1 170 101 9 150 53 188 31 258 218 225 74 51 34 41 119 271 220 236 280 73 180 192 1 >  - distancia: 5195.77 - carga: 192
Rota 4 : < 1 256 17 15 198 215 242 244 84 152 255 116 144 66 171 1 >  - distancia: 3530.07 - carga: 192
Rota 5 : < 1 161 22 90 109 23 177 54 197 210 237 232 155 224 62 1 >  - distancia: 3554.22 - carga: 192
Rota 6 : < 1 230 24 2 89 185 63 1 >  - distancia: 3042.13 - carga: 192
Rota 7 : < 1 213 16 11 30 114 253 246 279 93 1 >  - distancia: 3131.39 - carga: 192
Rota 8 : < 1 80 7 248 71 167 132 110 121 35 142 100 173 86 260 126 33 1 >  - distancia: 3766.38 - carga: 192
Rota 9 : < 1 231 21 13 227 85 68 1 >  - distancia: 2924.53 - carga: 192
Rota 10 : < 1 145 129 10 276 269 112 97 274 78 38 184 275 37 206 212 111 193 1 >  - distancia: 3896.79 - carga: 180
Rota 11 : < 1 254 29 5 169 175 136 204 87 202 103 77 165 39 115 50 65 222 135 249 122 96 1 >  - distancia: 5810.73 - carga: 192
Rota 12 : < 1 268 123 179 166 25 191 48 252 238 239 223 240 128 47 153 208 92 124 27 42 262 138 247 189 72 194 1 >  - distancia: 6656.62 - carga: 192
Rota 13 : < 1 226 278 12 186 221 113 36 108 82 205 174 75 1 >  - distancia: 3877.6 - carga: 192
Rota 14 : < 1 207 4 245 182 196 19 151 273 28 187 1 >  - distancia: 3461.33 - carga: 192
Rota 15 : < 1 14 140 172 143 83 88 209 58 234 163 158 45 125 131 69 104 157 154 1 >  - distancia: 3697.83 - carga: 192
Rota 16 : < 1 270 8 6 79 228 60 56 147 76 94 107 141 130 272 26 1 >  - distancia: 6165.82 - carga: 173
total - 73375.6
optimal_value: 33503
% acima: 119.012%
Demorou  0 ms para ler o arquivo de entrada.
Rota 0 : < 1 72 117 56 226 278 68 147 3 239 185 143 141 257 107 105 59 60 220 77 1 >  - distancia: 3844.14 - carga: 192
Rota 1 : < 1 198 15 6 8 238 49 180 1 >  - distancia: 3203.27 - carga: 192
Rota 2 : < 1 196 5 4 1 >  - distancia: 2472.61 - carga: 192
Rota 3 : < 1 133 7 153 163 110 99 199 251 229 30 253 175 202 218 93 144 1 >  - distancia: 4384.54 - carga: 192
Rota 4 : < 1 206 10 71 191 83 88 96 42 82 173 92 86 260 111 124 271 115 212 126 1 >  - distancia: 5838.02 - carga: 192
Rota 5 : < 1 230 213 22 95 215 183 44 158 267 224 149 266 263 52 174 70 203 181 90 33 45 97 139 249 35 187 138 120 57 40 275 154 27 155 1 >  - distancia: 8252.27 - carga: 178
Rota 6 : < 1 129 16 145 176 201 264 55 250 61 211 67 109 217 159 164 75 127 194 156 259 1 >  - distancia: 3638.54 - carga: 192
Rota 7 : < 1 121 12 125 208 100 276 132 47 205 243 269 261 186 1 >  - distancia: 4300.16 - carga: 192
Rota 8 : < 1 200 9 21 216 255 152 84 219 1 >  - distancia: 1767.42 - carga: 192
Rota 9 : < 1 62 190 32 2 252 247 270 151 248 128 272 273 28 168 94 43 130 279 178 73 66 50 192 118 1 >  - distancia: 7369.61 - carga: 175
Rota 10 : < 1 123 166 25 89 172 223 140 225 146 258 235 46 101 170 41 65 116 103 169 228 1 >  - distancia: 4544.96 - carga: 192
Rota 11 : < 1 24 19 37 58 189 64 204 74 222 54 231 214 91 197 1 >  - distancia: 3995.46 - carga: 192
Rota 12 : < 1 104 241 23 13 150 188 246 26 1 >  - distancia: 2786.69 - carga: 192
Rota 13 : < 1 277 11 207 81 136 39 36 76 262 184 38 113 237 256 108 193 162 268 102 134 148 157 160 265 1 >  - distancia: 5056.99 - carga: 192
Rota 14 : < 1 20 195 137 98 14 254 234 240 122 1 >  - distancia: 2447.07 - carga: 192
Rota 15 : < 1 210 17 106 69 232 179 131 221 161 165 171 53 242 78 119 236 51 280 34 80 135 142 209 48 63 1 >  - distancia: 5326.01 - carga: 192
Rota 16 : < 1 31 112 274 167 29 18 85 227 177 244 87 79 245 182 114 233 1 >  - distancia: 3770.35 - carga: 192
total - 72998.1
optimal_value: 33503
% acima: 117.885%
Demorou  0 ms para ler o arquivo de entrada.
Rota 0 : < 1 161 176 16 145 98 149 263 113 124 210 213 111 47 92 126 138 187 275 43 1 >  - distancia: 4259.13 - carga: 192
Rota 1 : < 1 164 109 201 148 264 156 52 174 232 104 224 61 277 190 200 150 101 115 67 97 274 45 90 195 75 127 102 57 261 217 62 133 139 280 72 122 202 66 26 144 107 238 192 1 >  - distancia: 10207.8 - carga: 177
Rota 2 : < 1 185 2 143 239 60 51 80 182 59 73 236 248 56 135 189 272 273 168 260 212 193 265 1 >  - distancia: 5901.15 - carga: 178
Rota 3 : < 1 146 5 11 152 204 53 175 54 1 >  - distancia: 2974.78 - carga: 192
Rota 4 : < 1 88 14 58 9 114 81 242 1 >  - distancia: 2948.94 - carga: 192
Rota 5 : < 1 10 21 134 30 255 1 >  - distancia: 2483.48 - carga: 190
Rota 6 : < 1 219 7 42 276 163 78 269 71 31 227 266 244 231 197 93 1 >  - distancia: 4086.7 - carga: 192
Rota 7 : < 1 129 20 4 79 196 228 1 >  - distancia: 2428.68 - carga: 192
Rota 8 : < 1 178 24 254 271 105 235 258 165 46 65 29 249 183 39 203 214 91 77 279 209 94 118 96 63 120 49 50 180 1 >  - distancia: 7869.79 - carga: 192
Rota 9 : < 1 253 6 18 177 84 207 216 229 251 1 >  - distancia: 2884.39 - carga: 192
Rota 10 : < 1 241 22 256 208 108 86 205 100 262 112 267 199 250 70 55 32 159 157 137 181 154 268 27 230 155 1 >  - distancia: 4657.5 - carga: 192
Rota 11 : < 1 131 123 15 8 89 83 247 48 142 35 38 76 206 173 69 99 1 >  - distancia: 4618.81 - carga: 192
Rota 12 : < 1 278 3 225 119 140 223 172 141 252 226 233 243 215 211 95 194 259 1 >  - distancia: 4239.3 - carga: 192
Rota 13 : < 1 234 12 162 106 186 82 179 33 237 132 167 240 44 158 1 >  - distancia: 3588.01 - carga: 192
Rota 14 : < 1 160 17 125 153 184 37 128 121 36 110 166 221 198 136 171 103 116 87 170 246 218 1 >  - distancia: 4344.96 - carga: 192
Rota 15 : < 1 28 25 13 169 188 85 245 74 41 34 220 222 1 >  - distancia: 4681.11 - carga: 192
Rota 16 : < 1 130 19 23 117 64 147 68 257 191 270 151 40 1 >  - distancia: 3609.78 - carga: 192
total - 75784.3
optimal_value: 33503
% acima: 126.202%
Demorou  1 ms para ler o arquivo de entrada.
Rota 0 : < 1 150 17 8 185 117 235 58 71 57 248 40 153 161 194 1 >  - distancia: 4527.02 - carga: 192
Rota 1 : < 1 33 106 113 166 11 188 218 53 23 68 43 1 >  - distancia: 3341.36 - carga: 192
Rota 2 : < 1 252 9 169 228 177 30 227 204 54 175 202 114 85 246 165 101 209 63 168 275 126 138 94 118 1 >  - distancia: 6409.3 - carga: 192
Rota 3 : < 1 274 10 22 90 190 61 250 98 277 109 95 243 211 217 1 >  - distancia: 2529.98 - carga: 192
Rota 4 : < 1 225 18 233 214 216 200 266 129 156 201 104 149 164 62 145 157 154 162 232 181 259 1 >  - distancia: 4563.46 - carga: 175
Rota 5 : < 1 32 16 241 15 176 215 203 263 122 1 >  - distancia: 2225.07 - carga: 192
Rota 6 : < 1 151 19 2 89 172 226 119 180 1 >  - distancia: 3297.17 - carga: 192
Rota 7 : < 1 213 123 112 136 198 152 224 240 31 242 67 133 44 39 251 258 46 74 65 51 120 34 80 236 280 41 135 245 103 144 279 115 206 28 273 1 >  - distancia: 7822.14 - carga: 191
Rota 8 : < 1 207 7 247 140 257 146 49 178 107 64 139 254 189 105 147 239 56 50 249 267 1 >  - distancia: 4753.16 - carga: 192
Rota 9 : < 1 271 20 55 160 137 159 264 195 70 84 229 199 78 97 244 255 231 148 52 265 1 >  - distancia: 5052.46 - carga: 190
Rota 10 : < 1 82 212 92 111 47 208 179 256 167 276 234 36 262 38 76 110 131 269 268 102 45 210 86 193 260 35 187 134 219 171 72 73 222 66 93 91 1 >  - distancia: 7981.28 - carga: 182
Rota 11 : < 1 21 12 27 230 1 >  - distancia: 1951.49 - carga: 191
Rota 12 : < 1 42 14 4 196 1 >  - distancia: 2934.38 - carga: 192
Rota 13 : < 1 125 205 173 25 191 278 88 121 184 37 128 186 99 142 100 108 124 221 69 237 127 1 >  - distancia: 4910.3 - carga: 192
Rota 14 : < 1 174 6 116 182 220 60 59 170 253 81 197 163 132 158 75 261 29 96 143 141 192 1 >  - distancia: 5824.95 - carga: 192
Rota 15 : < 1 183 5 13 79 87 77 26 1 >  - distancia: 2328.04 - carga: 192
Rota 16 : < 1 155 3 223 24 272 270 130 83 48 238 1 >  - distancia: 3368.19 - carga: 192
total - 73819.8
optimal_value: 33503
% acima: 120.338%
Demorou  0 ms para ler o arquivo de entrada.
Rota 0 : < 1 30 5 188 8 140 223 278 107 59 1 >  - distancia: 3108.4 - carga: 192
Rota 1 : < 1 246 18 21 84 244 266 215 95 1 >  - distancia: 2152.47 - carga: 192
Rota 2 : < 1 143 4 6 182 79 202 144 1 >  - distancia: 3575.59 - carga: 192
Rota 3 : < 1 175 7 272 254 29 58 234 147 249 74 60 169 170 279 41 34 73 168 192 1 >  - distancia: 5532.79 - carga: 191
Rota 4 : < 1 83 48 3 252 105 119 68 142 262 187 151 239 270 96 280 178 180 49 115 206 141 63 56 43 275 28 130 94 273 138 1 >  - distancia: 7681.63 - carga: 192
Rota 5 : < 1 193 208 17 163 45 125 111 212 186 221 174 123 69 210 166 75 229 149 152 219 44 127 1 >  - distancia: 4858.07 - carga: 192
Rota 6 : < 1 256 2 89 191 185 88 189 128 42 121 184 76 132 37 110 126 1 >  - distancia: 4228.73 - carga: 192
Rota 7 : < 1 15 199 22 269 183 67 198 242 176 167 240 112 139 1 >  - distancia: 2660.5 - carga: 192
Rota 8 : < 1 85 11 233 207 227 253 114 116 245 216 218 171 53 197 235 135 228 274 33 97 90 265 181 160 1 >  - distancia: 5285.23 - carga: 180
Rota 9 : < 1 277 10 25 209 117 226 271 72 146 258 50 1 >  - distancia: 3333.18 - carga: 192
Rota 10 : < 1 158 23 64 20 137 159 241 162 27 230 1 >  - distancia: 3216.25 - carga: 192
Rota 11 : < 1 93 9 14 257 247 172 225 65 222 1 >  - distancia: 3325.57 - carga: 192
Rota 12 : < 1 201 145 13 87 196 150 255 81 251 177 54 109 217 200 250 61 264 157 62 1 >  - distancia: 3640.21 - carga: 192
Rota 13 : < 1 101 165 31 204 46 220 236 51 80 120 136 276 57 100 78 161 133 267 261 102 106 232 237 268 211 99 148 47 260 35 190 39 231 122 194 155 1 >  - distancia: 8851.43 - carga: 175
Rota 14 : < 1 82 113 131 16 164 104 224 52 129 70 156 203 98 32 195 55 1 >  - distancia: 3023.61 - carga: 191
Rota 15 : < 1 259 134 12 213 108 92 86 205 124 179 243 263 154 103 77 214 91 26 66 1 >  - distancia: 4881.41 - carga: 192
Rota 16 : < 1 238 24 19 38 71 153 36 173 248 40 118 1 >  - distancia: 3923.04 - carga: 192
total - 73278.1
optimal_value: 33503
% acima: 118.721%
Demorou  0 ms para ler o arquivo de entrada.
Rota 0 : < 1 123 113 132 7 151 128 36 142 262 111 82 251 115 249 102 178 72 50 1 >  - distancia: 5155.33 - carga: 192
Rota 1 : < 1 9 175 244 229 152 84 227 74 41 60 64 183 274 97 44 125 212 47 260 28 275 133 1 >  - distancia: 5183.93 - carga: 192
Rota 2 : < 1 32 16 277 145 159 98 104 267 61 198 79 144 77 103 196 216 214 91 26 73 63 192 1 >  - distancia: 5820.15 - carga: 189
Rota 3 : < 1 226 13 87 85 114 182 218 220 81 242 129 263 52 174 237 69 250 154 1 >  - distancia: 4659.63 - carga: 192
Rota 4 : < 1 148 20 22 190 137 156 157 201 195 160 55 164 211 210 155 45 118 1 >  - distancia: 3369.53 - carga: 192
Rota 5 : < 1 243 199 17 213 124 110 163 208 86 92 131 232 166 99 205 186 221 75 162 200 219 1 >  - distancia: 4281.66 - carga: 192
Rota 6 : < 1 254 19 14 88 68 189 278 56 258 51 34 1 >  - distancia: 3231.91 - carga: 192
Rota 7 : < 1 172 8 252 5 207 169 253 246 66 1 >  - distancia: 3763.56 - carga: 192
Rota 8 : < 1 206 12 256 121 184 234 248 42 38 76 37 168 96 147 139 101 54 231 197 1 >  - distancia: 4049.48 - carga: 192
Rota 9 : < 1 215 6 245 116 188 177 150 228 170 165 39 240 58 209 239 269 127 203 149 181 1 >  - distancia: 4487.82 - carga: 192
Rota 10 : < 1 108 193 173 3 105 117 271 235 31 176 167 153 100 35 187 126 138 40 1 >  - distancia: 4516.75 - carga: 192
Rota 11 : < 1 264 11 15 67 158 78 161 109 224 266 241 62 90 1 >  - distancia: 2480.72 - carga: 192
Rota 12 : < 1 24 25 270 89 191 272 94 112 179 33 106 1 >  - distancia: 3388.52 - carga: 192
Rota 13 : < 1 120 80 225 119 2 141 185 146 236 46 65 59 280 30 134 70 259 217 1 >  - distancia: 4380.29 - carga: 192
Rota 14 : < 1 95 21 18 233 136 204 53 93 171 1 >  - distancia: 2462.15 - carga: 192
Rota 15 : < 1 140 23 10 29 276 71 43 1 >  - distancia: 3092.25 - carga: 192
Rota 16 : < 1 180 257 247 48 223 143 83 4 202 279 255 135 107 238 49 273 57 261 122 222 27 230 130 268 194 265 1 >  - distancia: 9169.01 - carga: 164
total - 73492.7
optimal_value: 33503
% acima: 119.362%
Demorou  0 ms para ler o arquivo de entrada.
Rota 0 : < 1 200 8 2 141 172 143 209 58 189 96 130 1 >  - distancia: 3632.33 - carga: 192
Rota 1 : < 1 76 7 168 191 252 278 226 72 146 119 51 34 41 60 280 59 235 73 1 >  - distancia: 3873.15 - carga: 192
Rota 2 : < 1 253 18 30 81 152 219 214 207 54 128 248 118 232 27 42 43 273 178 237 155 39 126 261 102 122 231 93 171 274 138 187 260 230 193 265 259 1 >  - distancia: 9423.42 - carga: 185
Rota 3 : < 1 79 4 196 87 246 202 228 279 114 26 77 135 56 115 45 28 239 238 192 180 197 222 1 >  - distancia: 6248.95 - carga: 168
Rota 4 : < 1 139 11 177 227 233 244 84 134 201 137 129 109 110 221 153 234 184 37 275 151 94 1 >  - distancia: 5096.6 - carga: 192
Rota 5 : < 1 266 9 21 70 229 203 263 181 1 >  - distancia: 2105.76 - carga: 192
Rota 6 : < 1 256 12 113 124 106 205 111 212 47 208 86 125 268 211 194 1 >  - distancia: 3381.67 - carga: 192
Rota 7 : < 1 108 20 264 136 44 242 243 224 217 131 82 162 67 269 215 97 250 154 198 255 91 1 >  - distancia: 6170.7 - carga: 192
Rota 8 : < 1 144 5 169 220 170 46 74 65 236 257 105 80 78 29 271 88 1 >  - distancia: 4658.15 - carga: 192
Rota 9 : < 1 183 22 174 241 277 199 251 176 179 210 69 104 55 159 32 148 156 98 195 160 62 90 127 1 >  - distancia: 4227.57 - carga: 192
Rota 10 : < 1 38 17 213 186 123 36 276 132 163 142 166 99 173 92 100 121 35 262 206 1 >  - distancia: 4910.75 - carga: 192
Rota 11 : < 1 10 6 182 103 116 245 66 33 1 >  - distancia: 3451.14 - carga: 192
Rota 12 : < 1 164 13 85 150 175 218 101 165 258 31 161 75 95 61 145 149 52 157 216 53 1 >  - distancia: 4128.26 - carga: 192
Rota 13 : < 1 63 24 3 68 185 223 49 1 >  - distancia: 3274.29 - carga: 192
Rota 14 : < 1 188 23 167 14 254 147 50 1 >  - distancia: 3020.05 - carga: 192
Rota 15 : < 1 48 25 19 270 247 89 83 140 107 225 120 117 249 267 133 64 272 40 1 >  - distancia: 4581.01 - carga: 192
Rota 16 : < 1 158 16 190 15 204 112 240 71 57 1 >  - distancia: 3039.72 - carga: 192
total - 75223.5
optimal_value: 33503
% acima: 124.528%
Demorou  0 ms para ler o arquivo de entrada.
Rota 0 : < 1 84 11 18 204 241 210 186 82 212 126 193 102 27 1 >  - distancia: 3630.31 - carga: 192
Rota 1 : < 1 119 24 151 13 150 31 171 93 1 >  - distancia: 3584.65 - carga: 192
Rota 2 : < 1 251 112 10 167 78 240 139 64 36 153 57 100 128 184 76 138 42 96 83 28 94 275 1 >  - distancia: 4415.35 - carga: 192
Rota 3 : < 1 132 3 8 223 209 258 152 136 39 274 1 >  - distancia: 3716.69 - carga: 192
Rota 4 : < 1 59 51 19 191 254 71 177 109 129 266 149 134 188 244 81 216 200 264 255 219 1 >  - distancia: 6171.5 - carga: 192
Rota 5 : < 1 127 4 6 196 245 202 144 1 >  - distancia: 2942.33 - carga: 192
Rota 6 : < 1 214 14 117 140 172 247 48 270 273 88 147 44 261 45 267 133 115 206 90 277 195 211 160 62 35 118 187 40 1 >  - distancia: 7275.91 - carga: 192
Rota 7 : < 1 141 25 2 143 252 239 68 58 248 1 >  - distancia: 3243.06 - carga: 192
Rota 8 : < 1 221 17 15 198 161 95 69 213 205 124 230 125 237 203 250 259 1 >  - distancia: 3253.39 - carga: 192
Rota 9 : < 1 263 199 194 16 174 113 158 256 131 37 272 130 89 43 249 63 180 72 73 50 122 192 1 >  - distancia: 6348.47 - carga: 181
Rota 10 : < 1 176 215 224 23 276 234 29 189 56 74 34 116 103 220 135 41 165 53 246 228 279 1 >  - distancia: 5479.29 - carga: 192
Rota 11 : < 1 269 12 162 232 166 33 208 173 47 92 111 108 86 260 168 1 >  - distancia: 3675.05 - carga: 192
Rota 12 : < 1 190 7 38 142 121 262 163 110 99 243 104 164 98 157 159 154 181 197 1 >  - distancia: 3601.32 - carga: 192
Rota 13 : < 1 257 20 137 148 22 179 106 123 67 97 183 75 268 265 1 >  - distancia: 3843.9 - carga: 192
Rota 14 : < 1 222 175 207 227 169 182 170 101 218 80 225 271 46 226 236 235 278 178 185 146 49 107 238 280 60 120 114 65 217 1 >  - distancia: 6345.71 - carga: 172
Rota 15 : < 1 155 5 9 30 233 253 85 1 >  - distancia: 2207.43 - carga: 192
Rota 16 : < 1 105 21 201 70 156 55 52 145 32 61 229 242 87 54 231 79 77 91 26 66 1 >  - distancia: 6144.9 - carga: 192
total - 75879.2
optimal_value: 33503
% acima: 126.485%
Demorou  0 ms para ler o arquivo de entrada.
Rota 0 : < 1 115 64 204 112 161 243 166 179 163 256 132 38 275 248 125 92 86 111 131 110 27 277 127 52 160 137 190 62 265 211 45 261 122 1 >  - distancia: 7080.41 - carga: 192
Rota 1 : < 1 114 196 116 182 85 74 25 167 267 39 240 199 194 90 269 106 33 174 61 263 134 216 91 1 >  - distancia: 5697.58 - carga: 192
Rota 2 : < 1 140 226 6 245 79 87 169 228 119 117 56 235 72 135 107 178 180 238 213 221 44 206 1 >  - distancia: 5944.28 - carga: 192
Rota 3 : < 1 60 23 8 146 225 51 80 50 170 77 66 279 73 272 28 249 43 168 48 273 118 222 144 1 >  - distancia: 7228.06 - carga: 191
Rota 4 : < 1 276 17 9 188 81 136 242 177 197 101 171 97 1 >  - distancia: 3729.46 - carga: 192
Rota 5 : < 1 63 7 24 153 126 1 >  - distancia: 2805.27 - carga: 192
Rota 6 : < 1 22 5 150 253 246 202 103 165 84 26 1 >  - distancia: 3289.66 - carga: 192
Rota 7 : < 1 198 4 21 181 133 1 >  - distancia: 3111.19 - carga: 192
Rota 8 : < 1 49 105 14 185 83 172 89 141 192 209 147 94 130 47 99 268 95 102 139 124 230 155 1 >  - distancia: 5551.05 - carga: 172
Rota 9 : < 1 207 244 231 20 98 264 156 201 129 109 266 67 158 113 186 123 36 138 1 >  - distancia: 3883.5 - carga: 192
Rota 10 : < 1 76 184 121 3 252 191 270 254 271 88 78 37 42 183 274 149 217 1 >  - distancia: 4466.98 - carga: 192
Rota 11 : < 1 157 16 104 145 55 148 159 32 195 241 164 232 82 142 187 35 262 212 260 193 1 >  - distancia: 3613.53 - carga: 192
Rota 12 : < 1 250 154 203 15 233 214 30 175 258 46 220 65 34 236 120 280 41 151 57 40 75 208 100 70 219 259 1 >  - distancia: 5553.98 - carga: 182
Rota 13 : < 1 13 18 54 227 176 224 215 251 218 53 93 1 >  - distancia: 2662.8 - carga: 192
Rota 14 : < 1 12 162 210 237 69 205 108 173 128 58 189 247 257 96 1 >  - distancia: 3582.62 - carga: 192
Rota 15 : < 1 255 11 152 229 200 10 29 71 234 1 >  - distancia: 2577.33 - carga: 192
Rota 16 : < 1 59 19 2 143 223 239 278 68 31 1 >  - distancia: 3334.1 - carga: 192
total - 74111.8
optimal_value: 33503
% acima: 121.209%
Demorou  0 ms para ler o arquivo de entrada.
Rota 0 : < 1 7 248 234 37 121 36 78 206 42 132 125 153 100 187 1 >  - distancia: 3651.38 - carga: 192
Rota 1 : < 1 235 18 177 54 114 21 216 231 1 >  - distancia: 2914.67 - carga: 192
Rota 2 : < 1 77 6 11 207 30 214 150 31 220 170 246 93 1 >  - distancia: 3429.3 - carga: 192
Rota 3 : < 1 236 4 13 188 101 171 197 1 >  - distancia: 2825.77 - carga: 192
Rota 4 : < 1 240 5 227 81 253 87 103 233 258 116 182 41 34 79 66 144 91 1 >  - distancia: 4899 - carga: 189
Rota 5 : < 1 68 25 252 141 89 172 143 107 83 151 270 28 272 94 249 115 139 184 262 138 35 209 57 118 168 273 130 275 40 63 43 62 27 268 155 1 >  - distancia: 8061.66 - carga: 167
Rota 6 : < 1 243 12 162 174 210 179 205 208 92 111 173 213 1 >  - distancia: 2629.41 - carga: 192
Rota 7 : < 1 200 3 8 140 225 51 74 196 228 1 >  - distancia: 2966.03 - carga: 192
Rota 8 : < 1 180 10 22 217 129 137 157 55 70 159 61 98 1 >  - distancia: 3557.91 - carga: 192
Rota 9 : < 1 110 24 20 201 148 32 264 154 1 >  - distancia: 2932.99 - carga: 192
Rota 10 : < 1 123 17 186 166 163 45 269 274 242 113 131 33 106 99 237 221 82 47 158 39 212 126 193 1 >  - distancia: 5361.15 - carga: 191
Rota 11 : < 1 219 255 152 229 9 169 165 167 64 257 56 119 80 46 251 67 97 245 202 279 222 178 1 >  - distancia: 5361.45 - carga: 192
Rota 12 : < 1 183 161 199 109 224 149 84 176 112 267 226 278 271 105 146 218 204 85 53 134 259 124 230 277 211 75 261 145 86 232 260 1 >  - distancia: 8352.43 - carga: 191
Rota 13 : < 1 247 191 19 14 223 239 254 147 135 72 120 73 44 122 1 >  - distancia: 3656.86 - carga: 191
Rota 14 : < 1 26 16 241 52 250 266 198 215 203 263 195 160 95 164 265 104 181 90 190 156 69 127 194 102 133 96 50 49 238 1 >  - distancia: 6964.09 - carga: 192
Rota 15 : < 1 2 185 88 58 29 276 108 128 256 142 76 71 189 38 1 >  - distancia: 4741.75 - carga: 192
Rota 16 : < 1 48 23 117 15 136 244 175 65 59 60 280 192 1 >  - distancia: 4848.42 - carga: 192
total - 77154.3
optimal_value: 33503
% acima: 130.291%
Demorou  0 ms para ler o arquivo de entrada.
Rota 0 : < 1 239 25 7 234 257 117 226 50 63 1 >  - distancia: 3437.16 - carga: 192
Rota 1 : < 1 205 24 12 27 265 1 >  - distancia: 2759.73 - carga: 192
Rota 2 : < 1 186 213 17 124 13 85 114 246 53 231 67 1 >  - distancia: 3223.61 - carga: 192
Rota 3 : < 1 143 14 8 252 172 185 48 223 236 51 34 73 1 >  - distancia: 3571.25 - carga: 192
Rota 4 : < 1 243 5 177 266 215 277 241 32 159 104 137 156 134 87 225 72 1 >  - distancia: 4328.89 - carga: 192
Rota 5 : < 1 38 121 76 142 276 78 206 158 176 95 183 224 61 164 123 99 82 173 260 111 110 146 49 220 251 263 195 190 149 181 203 219 211 127 194 155 230 193 1 >  - distancia: 8383.14 - carga: 192
Rota 6 : < 1 174 10 248 20 148 201 160 154 1 >  - distancia: 2599.86 - carga: 192
Rota 7 : < 1 167 153 208 108 36 163 45 166 210 106 131 125 92 162 113 100 212 86 262 35 37 128 184 126 187 28 94 118 102 261 41 279 222 202 1 >  - distancia: 6940.07 - carga: 192
Rota 8 : < 1 46 165 9 150 233 214 207 244 200 227 54 101 240 44 274 133 75 33 232 237 90 250 52 62 97 122 1 >  - distancia: 5026.95 - carga: 192
Rota 9 : < 1 4 6 103 116 79 144 66 1 >  - distancia: 2380.7 - carga: 192
Rota 10 : < 1 80 15 21 216 255 70 145 55 129 259 1 >  - distancia: 2945.21 - carga: 192
Rota 11 : < 1 47 22 109 198 199 161 229 242 179 221 69 217 267 269 268 42 64 58 235 65 271 120 1 >  - distancia: 5846.74 - carga: 192
Rota 12 : < 1 169 18 11 81 30 196 245 182 253 77 26 91 1 >  - distancia: 2950.57 - carga: 192
Rota 13 : < 1 43 254 96 23 19 130 89 68 209 189 256 71 57 40 1 >  - distancia: 4172.98 - carga: 192
Rota 14 : < 1 178 3 16 98 157 1 >  - distancia: 2492.16 - carga: 192
Rota 15 : < 1 264 152 84 31 175 228 218 170 258 278 88 191 140 107 151 147 56 59 60 29 272 83 280 180 135 139 249 273 238 168 138 275 197 1 >  - distancia: 8047.11 - carga: 162
Rota 16 : < 1 2 247 105 119 74 204 136 188 132 112 39 171 93 115 270 141 192 1 >  - distancia: 6177.23 - carga: 191
total - 75283.4
optimal_value: 33503
% acima: 124.706%
Demorou  0 ms para ler o arquivo de entrada.
Rota 0 : < 1 210 22 18 87 103 77 79 144 59 73 236 34 280 72 115 139 107 130 249 51 1 >  - distancia: 5071.93 - carga: 191
Rota 1 : < 1 258 20 264 129 224 95 266 161 75 166 33 131 123 69 104 62 148 241 52 265 1 >  - distancia: 4318.49 - carga: 192
Rota 2 : < 1 193 108 142 128 38 184 121 76 58 64 119 223 278 56 163 125 111 205 82 213 230 27 260 35 28 275 45 138 43 202 222 246 26 66 1 >  - distancia: 7499.28 - carga: 169
Rota 3 : < 1 188 15 2 89 143 141 172 48 63 238 192 1 >  - distancia: 3844.28 - carga: 191
Rota 4 : < 1 149 243 17 13 175 81 197 70 137 160 154 159 195 259 1 >  - distancia: 3387.6 - carga: 192
Rota 5 : < 1 235 14 239 29 25 271 147 67 274 267 39 80 120 180 1 >  - distancia: 4682.39 - carga: 191
Rota 6 : < 1 124 12 8 132 261 55 211 157 181 219 231 91 1 >  - distancia: 4810.8 - carga: 191
Rota 7 : < 1 179 269 199 217 90 221 162 113 106 99 153 276 42 40 248 112 97 183 254 262 240 71 44 133 135 50 151 94 134 156 61 206 127 194 102 268 126 118 187 1 >  - distancia: 9127.94 - carga: 188
Rota 8 : < 1 84 21 11 54 251 136 204 109 1 >  - distancia: 1811.47 - carga: 192
Rota 9 : < 1 244 5 9 150 233 85 1 >  - distancia: 1629.88 - carga: 192
Rota 10 : < 1 57 23 19 270 191 83 88 189 36 47 186 155 1 >  - distancia: 3492.3 - carga: 192
Rota 11 : < 1 49 146 226 4 245 116 182 253 227 53 93 196 216 255 214 60 279 1 >  - distancia: 5042.07 - carga: 192
Rota 12 : < 1 32 201 152 177 169 220 6 114 207 30 200 229 242 174 232 1 >  - distancia: 3273.88 - carga: 192
Rota 13 : < 1 208 7 24 273 96 1 >  - distancia: 2746.16 - carga: 192
Rota 14 : < 1 100 10 68 117 252 225 165 218 101 46 65 170 228 74 41 31 171 122 1 >  - distancia: 4424.06 - carga: 192
Rota 15 : < 1 209 247 140 105 257 167 256 92 173 3 178 185 234 168 37 272 1 >  - distancia: 5458.33 - carga: 192
Rota 16 : < 1 164 277 190 250 16 145 98 263 203 176 198 215 158 78 110 86 212 237 1 >  - distancia: 3263.32 - carga: 192
total - 73884.2
optimal_value: 33503
% acima: 120.53%
Demorou  0 ms para ler o arquivo de entrada.
Rota 0 : < 1 203 84 12 125 167 29 96 136 109 263 243 95 217 52 250 154 1 >  - distancia: 3360.31 - carga: 192
Rota 1 : < 1 274 112 21 129 55 229 204 81 176 198 152 134 148 145 265 1 >  - distancia: 3780.34 - carga: 192
Rota 2 : < 1 35 121 184 17 256 205 82 186 269 261 276 158 78 242 215 266 251 199 224 61 1 >  - distancia: 3700.58 - carga: 192
Rota 3 : < 1 259 4 6 245 196 202 144 66 1 >  - distancia: 2557.75 - carga: 192
Rota 4 : < 1 39 2 89 172 185 48 257 270 130 272 239 191 143 92 262 164 268 194 139 273 40 43 238 192 63 180 1 >  - distancia: 7873.45 - carga: 190
Rota 5 : < 1 107 226 278 68 105 225 117 235 64 71 128 248 38 275 142 100 126 206 115 249 147 240 97 67 165 183 79 77 26 120 49 72 122 133 1 >  - distancia: 7105.51 - carga: 179
Rota 6 : < 1 209 252 3 22 277 104 210 241 190 1 >  - distancia: 3131.55 - carga: 192
Rota 7 : < 1 98 5 150 227 8 271 80 59 178 1 >  - distancia: 3607.13 - carga: 192
Rota 8 : < 1 19 23 247 223 140 146 51 74 41 218 228 56 50 1 >  - distancia: 4186.24 - carga: 192
Rota 9 : < 1 110 132 20 157 25 254 58 42 76 111 124 70 156 195 155 1 >  - distancia: 5614.92 - carga: 191
Rota 10 : < 1 208 16 174 162 201 137 32 159 160 264 149 181 127 75 189 45 200 211 62 90 1 >  - distancia: 5336.65 - carga: 192
Rota 11 : < 1 33 10 7 37 118 1 >  - distancia: 2288.16 - carga: 192
Rota 12 : < 1 213 131 237 123 166 161 179 221 69 232 113 106 163 36 108 86 260 47 212 173 234 168 151 28 141 83 57 27 230 193 187 138 1 >  - distancia: 6388.16 - carga: 178
Rota 13 : < 1 103 13 188 169 220 258 46 101 65 279 34 153 99 102 267 171 231 54 197 219 170 135 60 280 222 91 1 >  - distancia: 6298.96 - carga: 191
Rota 14 : < 1 114 15 18 175 87 85 207 253 116 182 246 93 1 >  - distancia: 3433.67 - carga: 192
Rota 15 : < 1 31 11 9 30 233 255 214 216 244 177 53 1 >  - distancia: 2493.35 - carga: 192
Rota 16 : < 1 44 24 94 14 88 119 236 73 1 >  - distancia: 2757.12 - carga: 192
total - 73913.9
optimal_value: 33503
% acima: 120.619%
Demorou  1 ms para ler o arquivo de entrada.
Rota 0 : < 1 260 108 2 14 239 50 1 >  - distancia: 3265.45 - carga: 192
Rota 1 : < 1 171 5 6 182 74 225 73 1 >  - distancia: 2702.86 - carga: 192
Rota 2 : < 1 215 198 9 175 136 204 161 177 87 77 202 53 191 151 273 100 126 206 57 76 118 143 130 272 43 1 >  - distancia: 6132.14 - carga: 192
Rota 3 : < 1 152 84 200 23 58 226 105 236 170 196 103 116 114 101 235 72 60 180 1 >  - distancia: 4355.41 - carga: 192
Rota 4 : < 1 199 266 129 18 16 104 62 1 >  - distancia: 2339.17 - carga: 192
Rota 5 : < 1 160 145 201 25 7 248 40 36 262 1 >  - distancia: 3065.93 - carga: 192
Rota 6 : < 1 207 253 22 109 224 149 132 45 208 186 125 123 113 179 237 33 82 162 27 106 99 127 1 >  - distancia: 4268.98 - carga: 192
Rota 7 : < 1 269 11 4 245 79 85 214 91 26 1 >  - distancia: 3089.63 - carga: 192
Rota 8 : < 1 247 185 8 252 24 38 117 29 209 63 1 >  - distancia: 3905.58 - carga: 192
Rota 9 : < 1 115 21 229 263 243 69 232 176 211 98 264 55 32 70 148 195 157 203 1 >  - distancia: 4243.33 - carga: 192
Rota 10 : < 1 15 12 205 166 131 210 155 1 >  - distancia: 2165.5 - carga: 192
Rota 11 : < 1 255 13 244 251 67 183 158 110 213 212 86 173 92 111 47 221 124 230 190 52 194 1 >  - distancia: 4096.73 - carga: 192
Rota 12 : < 1 31 3 88 119 278 107 240 64 234 254 56 135 267 133 261 102 139 249 75 217 1 >  - distancia: 4462.31 - carga: 180
Rota 13 : < 1 189 68 140 223 146 178 271 80 46 188 246 228 218 220 280 258 41 51 59 65 34 142 35 270 141 159 156 216 147 96 120 48 28 275 83 49 279 93 197 122 238 192 222 144 1 >  - distancia: 12524.4 - carga: 184
Rota 14 : < 1 17 256 163 276 167 112 39 97 274 165 242 174 241 277 95 233 231 169 134 259 219 1 >  - distancia: 4751.54 - carga: 192
Rota 15 : < 1 164 20 10 71 78 121 42 37 1 >  - distancia: 3031.31 - carga: 192
Rota 16 : < 1 66 150 30 227 19 257 172 89 128 153 44 184 81 54 250 137 181 154 90 265 61 268 94 168 187 193 138 1 >  - distancia: 8318.51 - carga: 181
total - 76718.8
optimal_value: 33503
% acima: 128.991%
Demorou  1 ms para ler o arquivo de entrada.
Rota 0 : < 1 234 9 207 177 169 170 235 146 105 119 71 31 240 131 190 52 61 277 250 90 1 >  - distancia: 5172 - carga: 192
Rota 1 : < 1 13 227 18 266 215 224 201 176 39 1 >  - distancia: 2642.48 - carga: 192
Rota 2 : < 1 160 11 4 245 85 150 255 54 197 1 >  - distancia: 2438.06 - carga: 192
Rota 3 : < 1 157 20 19 270 247 209 185 48 140 223 272 189 107 239 63 80 115 1 >  - distancia: 3972.46 - carga: 192
Rota 4 : < 1 143 14 88 8 172 252 257 89 141 192 238 1 >  - distancia: 3826.94 - carga: 192
Rota 5 : < 1 53 204 136 183 199 269 42 57 37 276 102 67 267 133 274 198 263 216 98 217 134 154 110 76 126 187 260 193 86 94 138 130 60 139 35 230 155 194 122 1 >  - distancia: 9930.19 - carga: 161
Rota 6 : < 1 203 16 55 264 32 70 156 148 137 129 195 159 205 221 69 149 62 1 >  - distancia: 3294.85 - carga: 192
Rota 7 : < 1 116 17 256 132 179 124 213 173 36 153 184 38 262 125 113 27 237 123 33 1 >  - distancia: 4862.54 - carga: 192
Rota 8 : < 1 109 95 3 6 182 77 214 91 26 144 66 1 >  - distancia: 3723.1 - carga: 192
Rota 9 : < 1 152 22 106 186 174 166 162 210 232 82 121 108 142 208 47 212 92 145 1 >  - distancia: 4403.56 - carga: 192
Rota 10 : < 1 30 5 188 253 103 114 87 79 101 171 246 41 73 72 280 147 28 275 206 104 265 219 93 1 >  - distancia: 5700.25 - carga: 192
Rota 11 : < 1 135 68 248 40 58 7 168 128 100 111 241 164 231 211 181 236 34 180 279 222 249 118 178 49 1 >  - distancia: 7422.62 - carga: 192
Rota 12 : < 1 120 225 10 78 167 117 258 59 46 74 220 196 202 218 228 65 51 1 >  - distancia: 4563.5 - carga: 192
Rota 13 : < 1 271 23 2 191 83 50 1 >  - distancia: 2842.84 - carga: 192
Rota 14 : < 1 175 81 12 163 112 165 64 242 161 243 127 75 268 99 45 261 1 >  - distancia: 4132.48 - carga: 192
Rota 15 : < 1 56 278 25 151 273 24 254 29 226 158 44 97 96 43 1 >  - distancia: 4190.52 - carga: 192
Rota 16 : < 1 259 21 15 229 233 84 200 244 251 1 >  - distancia: 2163.42 - carga: 192
total - 75281.8
optimal_value: 33503
% acima: 124.702%
Demorou  0 ms para ler o arquivo de entrada.
Rota 0 : < 1 48 3 14 88 278 178 180 1 >  - distancia: 2935.22 - carga: 192
Rota 1 : < 1 41 16 22 217 242 198 243 84 203 211 194 1 >  - distancia: 3753.74 - carga: 192
Rota 2 : < 1 263 109 241 9 188 253 87 182 8 143 209 146 1 >  - distancia: 4020.26 - carga: 192
Rota 3 : < 1 49 4 18 152 255 116 77 246 26 91 1 >  - distancia: 3938.32 - carga: 192
Rota 4 : < 1 25 247 5 177 231 244 229 200 61 1 >  - distancia: 2863.65 - carga: 192
Rota 5 : < 1 215 6 114 202 196 228 218 46 59 51 235 258 257 107 270 212 110 57 248 118 43 139 239 96 1 >  - distancia: 6136.71 - carga: 192
Rota 6 : < 1 35 142 262 173 2 89 141 192 68 271 172 140 238 56 65 120 220 80 135 50 1 >  - distancia: 5218.23 - carga: 192
Rota 7 : < 1 156 201 20 195 137 264 148 55 277 98 224 149 52 190 221 32 160 159 104 157 164 90 181 154 265 1 >  - distancia: 3678.84 - carga: 191
Rota 8 : < 1 249 7 37 71 128 76 163 113 186 179 69 210 155 232 166 230 1 >  - distancia: 3610.89 - carga: 192
Rota 9 : < 1 13 150 24 272 130 252 117 63 1 >  - distancia: 3380.36 - carga: 192
Rota 10 : < 1 216 214 81 31 165 101 53 204 251 176 161 39 136 74 105 121 184 269 183 44 82 158 127 99 145 62 267 274 115 122 28 40 260 1 >  - distancia: 7899.1 - carga: 185
Rota 11 : < 1 226 23 147 234 29 276 132 108 193 92 111 86 208 47 100 187 45 206 83 151 94 1 >  - distancia: 5040.89 - carga: 192
Rota 12 : < 1 254 10 17 162 123 131 106 174 33 1 >  - distancia: 2752.17 - carga: 192
Rota 13 : < 1 273 19 191 185 223 225 119 169 175 266 54 153 138 36 126 75 268 213 124 95 237 27 102 133 261 168 275 1 >  - distancia: 7018.2 - carga: 192
Rota 14 : < 1 205 12 256 125 38 42 167 240 58 189 78 64 72 1 >  - distancia: 3581.7 - carga: 192
Rota 15 : < 1 97 11 207 30 233 227 85 79 245 103 170 222 34 236 73 280 60 279 134 219 197 93 171 66 144 1 >  - distancia: 5048.16 - carga: 169
Rota 16 : < 1 199 67 112 15 21 129 70 259 250 1 >  - distancia: 2029.35 - carga: 192
total - 72905.8
optimal_value: 33503
% acima: 117.61%
Demorou  0 ms para ler o arquivo de entrada.
Rota 0 : < 1 3 223 20 195 137 159 145 84 1 >  - distancia: 3077.39 - carga: 192
Rota 1 : < 1 172 9 150 85 227 242 199 224 211 269 110 125 174 221 179 33 237 124 230 1 >  - distancia: 4904.13 - carga: 192
Rota 2 : < 1 15 16 241 164 104 61 176 215 99 194 1 >  - distancia: 2530.98 - carga: 192
Rota 3 : < 1 134 18 233 177 31 276 121 163 75 67 210 69 217 201 263 181 149 250 231 214 54 93 197 1 >  - distancia: 4633.95 - carga: 192
Rota 4 : < 1 171 13 6 245 253 103 116 144 202 222 1 >  - distancia: 3128.97 - carga: 191
Rota 5 : < 1 267 161 24 247 105 225 271 135 235 78 158 132 153 243 95 127 232 62 265 154 1 >  - distancia: 4049.5 - carga: 191
Rota 6 : < 1 262 17 205 82 208 100 256 131 106 109 264 55 156 148 32 157 70 259 160 87 216 91 26 1 >  - distancia: 5375.85 - carga: 192
Rota 7 : < 1 229 5 175 218 188 53 244 200 152 129 203 204 255 207 219 1 >  - distancia: 2894.89 - carga: 191
Rota 8 : < 1 21 10 226 119 72 50 1 >  - distancia: 2459.91 - carga: 192
Rota 9 : < 1 96 68 278 117 29 258 46 74 51 60 280 146 236 34 73 170 220 65 41 59 279 39 133 102 115 57 261 97 213 111 260 35 45 268 120 206 122 1 >  - distancia: 8184.6 - carga: 165
Rota 10 : < 1 23 71 248 37 38 142 184 128 167 44 240 198 251 166 186 27 183 90 190 1 >  - distancia: 3877.19 - carga: 192
Rota 11 : < 1 49 2 185 19 270 130 42 58 107 80 178 180 1 >  - distancia: 4068.77 - carga: 192
Rota 12 : < 1 14 7 151 273 275 1 >  - distancia: 2616.57 - carga: 192
Rota 13 : < 1 155 4 79 169 136 112 274 64 88 257 189 147 83 209 239 272 94 56 165 139 1 >  - distancia: 5115.59 - carga: 192
Rota 14 : < 1 63 254 25 191 8 140 252 89 143 141 192 48 76 187 126 138 168 40 182 66 249 43 118 28 238 1 >  - distancia: 6865.15 - carga: 191
Rota 15 : < 1 234 12 162 123 113 108 86 36 173 92 47 212 193 1 >  - distancia: 3650.06 - carga: 192
Rota 16 : < 1 114 196 11 22 277 52 98 266 81 30 101 228 246 77 1 >  - distancia: 3863.53 - carga: 192
total - 71297
optimal_value: 33503
% acima: 112.808%
Demorou  0 ms para ler o arquivo de entrada.
Rota 0 : < 1 201 18 150 188 169 228 114 196 116 182 202 65 236 51 60 73 115 206 249 72 171 181 259 91 26 1 >  - distancia: 4960.4 - carga: 184
Rota 1 : < 1 85 25 140 146 105 223 239 225 258 29 257 209 59 280 34 220 165 251 45 198 274 102 127 211 231 255 197 93 122 1 >  - distancia: 7283.31 - carga: 192
Rota 2 : < 1 247 23 147 189 58 68 64 234 94 151 273 28 130 168 92 100 111 47 262 275 83 238 192 48 272 63 279 49 50 180 1 >  - distancia: 7574.61 - carga: 187
Rota 3 : < 1 31 24 8 172 117 56 119 235 46 41 222 1 >  - distancia: 3319.35 - carga: 192
Rota 4 : < 1 81 30 21 129 250 84 149 263 215 158 269 42 240 139 179 90 190 265 1 >  - distancia: 3679.54 - carga: 192
Rota 5 : < 1 87 13 233 253 207 152 216 175 177 242 266 61 203 229 200 134 156 1 >  - distancia: 3191.81 - carga: 192
Rota 6 : < 1 173 108 125 166 276 78 12 123 113 205 212 1 >  - distancia: 3629.46 - carga: 192
Rota 7 : < 1 43 3 185 252 178 135 101 142 126 208 237 110 86 35 76 97 53 54 44 133 261 268 195 154 194 1 >  - distancia: 6836.91 - carga: 185
Rota 8 : < 1 163 10 19 270 128 184 248 37 153 57 138 1 >  - distancia: 3151.03 - carga: 192
Rota 9 : < 1 77 15 176 17 186 162 106 33 199 217 69 243 224 95 124 1 >  - distancia: 3937.68 - carga: 192
Rota 10 : < 1 131 22 16 159 157 160 55 145 174 232 155 1 >  - distancia: 2171.41 - carga: 192
Rota 11 : < 1 107 2 141 89 143 191 254 96 36 112 39 244 219 214 210 82 260 1 >  - distancia: 5156.18 - carga: 192
Rota 12 : < 1 11 7 88 226 271 80 120 1 >  - distancia: 2862.22 - carga: 192
Rota 13 : < 1 71 38 5 204 267 183 67 161 132 121 256 221 99 167 75 1 >  - distancia: 4413.53 - carga: 192
Rota 14 : < 1 40 14 278 9 227 246 218 170 74 66 1 >  - distancia: 3562.44 - carga: 192
Rota 15 : < 1 136 20 137 109 241 264 70 98 52 277 32 164 62 148 104 213 27 230 193 187 1 >  - distancia: 5392.49 - carga: 181
Rota 16 : < 1 118 6 79 4 245 103 144 1 >  - distancia: 3183.72 - carga: 192
total - 74306.1
optimal_value: 33503
% acima: 121.789%
Demorou  0 ms para ler o arquivo de entrada.
Rota 0 : < 1 129 16 20 145 266 251 39 43 1 >  - distancia: 2504.83 - carga: 192
Rota 1 : < 1 23 15 215 112 267 97 183 161 199 224 211 217 1 >  - distancia: 2374.24 - carga: 192
Rota 2 : < 1 22 162 221 123 269 163 110 131 205 82 47 92 213 124 179 69 52 32 104 33 27 1 >  - distancia: 3947.78 - carga: 192
Rota 3 : < 1 230 12 18 150 253 246 228 222 1 >  - distancia: 2824.12 - carga: 192
Rota 4 : < 1 72 24 234 254 96 252 209 239 29 115 44 81 54 197 214 77 26 103 189 28 40 249 168 275 118 195 144 1 >  - distancia: 8083.74 - carga: 176
Rota 5 : < 1 14 19 38 151 36 71 206 100 262 187 75 268 127 1 >  - distancia: 3583.29 - carga: 192
Rota 6 : < 1 107 88 117 257 21 255 203 109 176 174 137 241 164 277 98 190 1 >  - distancia: 4407.93 - carga: 192
Rota 7 : < 1 225 235 11 227 177 244 233 175 136 229 219 231 55 159 160 154 61 264 156 157 90 265 260 138 1 >  - distancia: 6015.78 - carga: 188
Rota 8 : < 1 91 13 87 169 152 134 216 30 188 196 85 245 74 170 51 60 41 139 122 1 >  - distancia: 4566.31 - carga: 192
Rota 9 : < 1 155 210 232 3 119 146 31 242 84 200 263 201 70 148 250 181 62 259 1 >  - distancia: 4009.86 - carga: 192
Rota 10 : < 1 57 9 4 182 202 218 53 93 101 66 1 >  - distancia: 3676.46 - carga: 192
Rota 11 : < 1 274 2 191 247 48 105 278 172 141 223 68 147 158 133 99 95 237 243 149 194 1 >  - distancia: 4594.57 - carga: 192
Rota 12 : < 1 198 10 78 240 64 58 25 270 272 94 80 34 1 >  - distancia: 3387.4 - carga: 192
Rota 13 : < 1 207 5 8 140 185 89 143 83 238 130 273 1 >  - distancia: 3555.5 - carga: 192
Rota 14 : < 1 42 108 173 17 208 186 212 111 86 125 256 142 271 56 50 178 135 279 171 280 73 180 49 63 192 1 >  - distancia: 7032.76 - carga: 181
Rota 15 : < 1 6 79 116 114 46 165 236 120 226 59 220 65 258 153 126 76 35 132 106 45 193 1 >  - distancia: 5278.4 - carga: 192
Rota 16 : < 1 204 7 121 184 37 248 128 167 276 102 261 67 113 166 1 >  - distancia: 3179.92 - carga: 192
total - 73022.9
optimal_value: 33503
% acima: 117.959%
Demorou  0 ms para ler o arquivo de entrada.
Rota 0 : < 1 197 177 24 272 191 89 83 48 80 146 49 180 280 120 141 94 63 239 28 275 262 187 273 260 261 133 189 127 194 154 155 1 >  - distancia: 7263.21 - carga: 174
Rota 1 : < 1 111 47 17 19 130 247 209 96 226 178 223 172 278 59 41 73 222 1 >  - distancia: 4435.55 - carga: 192
Rota 2 : < 1 224 176 199 267 39 31 242 67 44 132 153 42 78 274 165 258 105 68 119 115 139 204 169 251 215 269 183 36 138 1 >  - distancia: 5714.81 - carga: 192
Rota 3 : < 1 38 16 159 104 129 264 32 157 112 71 234 147 81 207 214 1 >  - distancia: 4631.49 - carga: 192
Rota 4 : < 1 26 9 150 253 175 79 103 245 114 188 235 51 34 46 53 202 279 228 66 93 91 144 122 40 1 >  - distancia: 6138.57 - carga: 179
Rota 5 : < 1 196 3 10 240 158 1 >  - distancia: 2740.65 - carga: 192
Rota 6 : < 1 62 190 20 12 213 186 27 1 >  - distancia: 1968.32 - carga: 192
Rota 7 : < 1 65 74 220 225 236 22 277 6 116 85 77 171 1 >  - distancia: 4438.39 - carga: 192
Rota 8 : < 1 87 18 233 13 152 84 244 134 259 1 >  - distancia: 1938.18 - carga: 192
Rota 9 : < 1 246 8 21 229 200 250 201 203 145 164 217 1 >  - distancia: 3959.79 - carga: 192
Rota 10 : < 1 192 25 14 140 88 248 254 185 270 143 238 1 >  - distancia: 4354.49 - carga: 192
Rota 11 : < 1 136 11 5 227 54 30 255 231 219 1 >  - distancia: 2101.12 - carga: 192
Rota 12 : < 1 252 7 151 37 121 128 76 82 208 193 92 106 131 99 184 35 168 1 >  - distancia: 4688.8 - carga: 192
Rota 13 : < 1 110 256 162 123 237 161 166 113 221 179 241 55 70 148 195 156 263 149 181 52 109 61 69 198 97 33 75 243 211 212 45 268 126 1 >  - distancia: 6926.3 - carga: 192
Rota 14 : < 1 230 124 205 86 173 108 163 100 142 4 182 101 218 170 60 72 50 1 >  - distancia: 4746.55 - carga: 192
Rota 15 : < 1 266 15 23 29 271 117 58 64 167 43 1 >  - distancia: 2848.35 - carga: 192
Rota 16 : < 1 265 174 210 232 276 2 257 107 56 135 249 57 206 125 98 137 160 216 95 90 102 118 1 >  - distancia: 5806.78 - carga: 192
total - 74701.4
optimal_value: 33503
% acima: 122.969%
Demorou  0 ms para ler o arquivo de entrada.
Rota 0 : < 1 258 46 11 150 87 30 21 1 >  - distancia: 2327.68 - carga: 190
Rota 1 : < 1 276 10 234 16 265 155 1 >  - distancia: 2501.66 - carga: 192
Rota 2 : < 1 162 12 208 193 110 186 124 111 47 108 212 92 75 61 157 1 >  - distancia: 3050.25 - carga: 188
Rota 3 : < 1 194 5 188 253 20 277 190 164 62 1 >  - distancia: 2379.85 - carga: 192
Rota 4 : < 1 137 195 9 175 176 243 224 266 229 129 203 148 264 32 55 160 201 263 181 1 >  - distancia: 3048.66 - carga: 192
Rota 5 : < 1 28 17 163 248 254 147 172 271 115 242 204 114 196 182 169 227 85 54 251 171 1 >  - distancia: 5601.15 - carga: 192
Rota 6 : < 1 166 22 4 245 74 236 31 56 1 >  - distancia: 3764.44 - carga: 192
Rota 7 : < 1 98 109 24 270 191 83 209 89 247 257 59 51 202 77 279 41 198 156 215 133 206 118 94 1 >  - distancia: 6140.98 - carga: 192
Rota 8 : < 1 222 14 6 220 218 165 225 73 34 1 >  - distancia: 3925.02 - carga: 192
Rota 9 : < 1 138 128 184 36 125 256 113 106 33 153 42 38 167 78 158 45 44 112 132 102 57 183 39 240 274 97 267 100 168 37 43 126 187 249 130 40 139 1 >  - distancia: 7381.7 - carga: 192
Rota 10 : < 1 154 15 67 23 135 72 80 120 60 280 235 71 140 238 178 107 96 1 >  - distancia: 3812.68 - carga: 192
Rota 11 : < 1 90 19 2 143 141 192 223 48 239 142 35 86 260 27 1 >  - distancia: 3582.04 - carga: 192
Rota 12 : < 1 161 7 13 214 91 26 197 1 >  - distancia: 3131.38 - carga: 192
Rota 13 : < 1 273 151 25 88 117 68 189 119 64 29 58 121 76 262 269 99 232 131 237 250 217 101 246 134 259 1 >  - distancia: 5420.14 - carga: 186
Rota 14 : < 1 185 3 8 226 278 252 105 146 1 >  - distancia: 3314.77 - carga: 192
Rota 15 : < 1 231 81 177 136 18 207 84 152 233 200 244 216 219 255 116 144 79 228 103 66 1 >  - distancia: 4072.1 - carga: 190
Rota 16 : < 1 173 213 82 123 205 179 221 174 210 199 52 70 159 241 104 145 69 211 149 95 127 268 261 53 93 65 170 272 63 49 50 180 122 275 230 1 >  - distancia: 8698.6 - carga: 175
total - 72153.1
optimal_value: 33503
% acima: 115.363%
Demorou  1 ms para ler o arquivo de entrada.
Rota 0 : < 1 218 101 225 6 74 170 175 114 26 77 202 64 189 239 178 147 47 124 230 27 57 206 133 168 275 138 193 260 155 1 >  - distancia: 7113.84 - carga: 191
Rota 1 : < 1 28 38 184 128 76 276 158 132 21 200 255 81 109 164 62 154 104 90 127 268 194 102 1 >  - distancia: 5238.92 - carga: 192
Rota 2 : < 1 269 10 17 179 232 237 266 61 137 159 265 1 >  - distancia: 3050.16 - carga: 192
Rota 3 : < 1 9 11 244 22 95 1 >  - distancia: 1790.05 - carga: 192
Rota 4 : < 1 162 205 208 173 186 106 221 108 213 82 111 256 166 75 148 145 84 134 70 259 156 250 251 197 219 171 66 144 1 >  - distancia: 6307.02 - carga: 169
Rota 5 : < 1 56 252 140 4 245 150 79 87 103 46 169 196 236 120 50 73 1 >  - distancia: 5179.35 - carga: 192
Rota 6 : < 1 86 7 23 29 249 122 1 >  - distancia: 2630.13 - carga: 192
Rota 7 : < 1 176 15 18 30 233 207 152 216 85 227 231 1 >  - distancia: 2268.33 - carga: 192
Rota 8 : < 1 93 14 226 146 172 105 271 235 65 31 204 199 161 267 67 183 1 >  - distancia: 3753.04 - carga: 192
Rota 9 : < 1 58 8 185 25 191 270 143 141 192 48 107 49 72 41 279 246 214 91 280 180 273 94 40 118 43 1 >  - distancia: 6104.25 - carga: 185
Rota 10 : < 1 238 223 83 209 117 257 254 167 240 78 42 163 45 92 142 262 174 33 211 277 149 190 181 53 51 59 116 54 97 139 44 135 80 60 228 34 1 >  - distancia: 8910.15 - carga: 192
Rota 11 : < 1 177 5 188 13 182 1 >  - distancia: 2071.57 - carga: 192
Rota 12 : < 1 69 3 20 195 32 264 55 157 160 1 >  - distancia: 2748.48 - carga: 192
Rota 13 : < 1 278 16 241 52 98 201 129 203 263 215 198 224 112 39 165 115 1 >  - distancia: 4328.66 - carga: 192
Rota 14 : < 1 131 210 12 113 153 37 151 248 100 35 126 187 212 136 99 274 261 1 >  - distancia: 4823.36 - carga: 192
Rota 15 : < 1 253 229 24 272 247 68 242 243 217 123 110 234 71 121 88 96 89 130 63 1 >  - distancia: 5917.06 - carga: 192
Rota 16 : < 1 36 125 19 2 119 258 220 222 1 >  - distancia: 3480.42 - carga: 192
total - 75714.8
optimal_value: 33503
% acima: 125.994%
Demorou  0 ms para ler o arquivo de entrada.
Rota 0 : < 1 15 267 167 198 244 84 201 137 145 148 157 264 70 224 277 81 54 53 39 127 274 60 180 1 >  - distancia: 5712.53 - carga: 192
Rota 1 : < 1 116 79 196 188 169 74 51 280 59 220 266 217 62 90 211 210 132 57 208 260 110 42 161 133 69 164 52 160 219 270 130 275 118 35 249 50 73 1 >  - distancia: 9026.68 - carga: 178
Rota 2 : < 1 92 47 212 82 173 100 163 131 123 125 153 142 184 86 158 174 190 101 103 144 170 222 218 178 83 48 28 98 44 77 72 49 238 192 272 94 40 1 >  - distancia: 10498.2 - carga: 192
Rota 3 : < 1 30 7 168 151 128 38 276 71 78 183 75 106 243 104 154 155 1 >  - distancia: 4172.65 - carga: 192
Rota 4 : < 1 232 13 9 204 136 177 251 176 149 1 >  - distancia: 2642.09 - carga: 192
Rota 5 : < 1 273 23 257 3 223 88 96 115 122 1 >  - distancia: 3014.07 - carga: 192
Rota 6 : < 1 95 12 179 33 237 124 213 108 205 113 221 166 268 186 27 230 1 >  - distancia: 3061.15 - carga: 192
Rota 7 : < 1 242 2 247 25 140 105 146 189 206 1 >  - distancia: 3282.17 - carga: 192
Rota 8 : < 1 111 19 172 143 11 175 150 152 255 216 134 85 91 1 >  - distancia: 4793.12 - carga: 192
Rota 9 : < 1 109 17 16 241 32 195 55 159 1 >  - distancia: 1910.68 - carga: 192
Rota 10 : < 1 99 18 207 129 14 271 135 46 246 1 >  - distancia: 4024.12 - carga: 192
Rota 11 : < 1 245 4 6 66 182 202 228 1 >  - distancia: 2166.14 - carga: 192
Rota 12 : < 1 187 262 10 8 252 191 239 185 209 63 107 89 141 1 >  - distancia: 3998.08 - carga: 192
Rota 13 : < 1 68 119 64 258 278 56 117 235 80 226 225 120 41 34 236 234 36 248 43 102 261 253 171 87 279 65 97 139 181 250 259 156 265 194 197 93 126 138 193 1 >  - distancia: 9199.61 - carga: 175
Rota 14 : < 1 20 21 229 200 263 61 203 215 1 >  - distancia: 1660.22 - carga: 192
Rota 15 : < 1 121 24 5 227 231 1 >  - distancia: 2646.35 - carga: 192
Rota 16 : < 1 162 256 22 199 112 165 58 240 29 254 147 37 76 31 67 269 45 233 214 114 26 1 >  - distancia: 5248.32 - carga: 192
total - 77056.2
optimal_value: 33503
% acima: 129.998%
Mdia total para X-n280-k17: 74397.7
Tempo medio para X-n280-k17: 0
