Demorou  1 ms para ler o arquivo de entrada.
Rota 0 : < 1 7 4 8 36 35 34 31 30 33 27 29 96 97 138 137 177 217 218 178 212 211 171 169 170 130 129 86 126 85 49 13 5 9 1 >  - distancia: 1104.58 - carga: 550
Rota 1 : < 1 41 2 39 3 11 12 10 16 24 63 68 69 108 148 188 228 227 187 147 146 186 185 225 226 1 >  - distancia: 780.854 - carga: 540
Rota 2 : < 1 43 44 40 38 79 119 160 120 80 159 199 240 239 200 203 163 162 201 161 122 121 82 81 78 117 1 >  - distancia: 907.726 - carga: 550
Rota 3 : < 1 113 112 111 72 71 70 67 107 104 64 99 101 141 142 215 214 213 174 173 133 98 58 61 57 14 37 42 125 165 166 206 205 202 209 210 1 >  - distancia: 1728.13 - carga: 550
Rota 4 : < 1 73 76 75 32 28 25 26 59 55 52 95 56 91 88 131 172 135 134 132 92 93 94 54 1 >  - distancia: 834.996 - carga: 550
Rota 5 : < 1 223 224 183 143 144 145 184 231 190 150 189 229 230 193 233 234 194 153 154 109 66 105 182 181 221 222 1 >  - distancia: 1417.38 - carga: 400
Rota 6 : < 1 208 168 128 87 47 46 45 83 84 123 124 164 204 207 167 127 48 6 51 53 50 90 89 1 >  - distancia: 946.918 - carga: 550
Rota 7 : < 1 18 19 17 23 21 15 20 60 100 103 102 140 180 219 220 139 179 136 175 216 176 1 >  - distancia: 802.325 - carga: 550
Rota 8 : < 1 197 155 196 195 156 116 115 114 152 191 232 151 192 235 236 237 238 198 158 157 118 77 74 110 149 106 65 62 22 1 >  - distancia: 1181.53 - carga: 550
total - 9704.43
optimal_value: 5623
% acima: 72.5846%
Rota 0 : < 1 67 27 24 63 64 65 68 112 151 191 192 152 72 70 71 155 196 195 235 234 194 1 >  - distancia: 816.555 - carga: 550
Rota 1 : < 1 79 80 119 159 199 200 160 239 240 120 156 116 75 43 83 204 203 202 162 201 161 1 >  - distancia: 980.865 - carga: 550
Rota 2 : < 1 136 176 216 215 175 135 134 133 212 213 173 174 214 177 217 137 181 182 222 221 105 69 109 149 74 30 29 17 1 >  - distancia: 1266.08 - carga: 420
Rota 3 : < 1 147 148 108 107 144 183 224 184 223 220 219 218 178 179 141 142 102 101 66 106 145 146 186 185 225 226 189 229 190 230 150 1 >  - distancia: 1310.92 - carga: 550
Rota 4 : < 1 57 55 12 13 11 10 14 51 50 15 16 56 96 60 61 62 21 76 73 114 113 115 118 78 77 33 38 2 6 46 49 86 125 1 >  - distancia: 1024.49 - carga: 550
Rota 5 : < 1 123 163 164 124 84 47 91 131 132 172 171 211 210 209 169 130 170 129 90 89 42 81 82 122 121 117 158 238 1 >  - distancia: 1217.44 - carga: 520
Rota 6 : < 1 26 19 18 23 25 28 35 36 3 40 7 8 52 95 59 20 22 39 41 37 32 34 31 1 >  - distancia: 562.356 - carga: 550
Rota 7 : < 1 167 168 208 207 87 88 48 127 128 44 4 5 92 93 94 54 53 99 97 98 58 9 45 85 126 166 206 205 165 1 >  - distancia: 1286.4 - carga: 550
Rota 8 : < 1 138 139 180 140 100 104 103 143 187 227 228 188 111 110 231 232 233 236 237 197 198 157 154 193 153 1 >  - distancia: 1196.05 - carga: 550
total - 9661.15
optimal_value: 5623
% acima: 71.8149%
Rota 0 : < 1 218 219 179 139 140 220 221 222 182 181 56 20 61 101 141 102 62 105 106 146 145 104 186 225 226 189 229 1 >  - distancia: 1337.01 - carga: 430
Rota 1 : < 1 149 148 107 147 187 227 228 188 231 232 233 234 194 154 153 193 190 230 150 113 33 37 38 30 2 81 42 6 13 18 57 54 94 134 93 53 9 1 >  - distancia: 1364.19 - carga: 550
Rota 2 : < 1 88 87 47 46 43 44 48 49 50 91 131 172 173 136 55 132 133 95 96 175 215 214 213 1 >  - distancia: 964.88 - carga: 550
Rota 3 : < 1 58 60 63 19 17 11 15 16 14 51 92 52 8 7 12 3 40 80 119 160 161 1 >  - distancia: 664.617 - carga: 550
Rota 4 : < 1 36 35 31 34 76 75 116 115 155 196 235 236 195 156 157 117 199 198 238 237 197 114 110 69 1 >  - distancia: 818.878 - carga: 520
Rota 5 : < 1 206 207 167 128 168 208 127 171 211 210 209 212 176 177 217 135 174 216 178 138 98 137 97 10 45 86 89 90 130 129 169 1 >  - distancia: 1611.39 - carga: 550
Rota 6 : < 1 109 111 152 192 191 151 72 73 74 71 70 112 108 67 66 144 143 142 224 223 183 184 185 1 >  - distancia: 916.397 - carga: 550
Rota 7 : < 1 84 83 82 124 164 204 203 163 120 200 239 240 159 158 118 123 122 162 202 201 121 85 125 126 166 165 205 170 1 >  - distancia: 1326.18 - carga: 540
Rota 8 : < 1 27 24 26 25 23 22 21 59 99 180 100 103 64 65 68 32 28 29 4 5 39 41 79 77 78 1 >  - distancia: 646.387 - carga: 550
total - 9649.94
optimal_value: 5623
% acima: 71.6155%
Rota 0 : < 1 182 144 184 224 223 222 99 98 139 138 97 137 57 61 65 109 110 149 150 190 189 193 194 154 114 113 157 197 237 238 234 233 1 >  - distancia: 1531.1 - carga: 440
Rota 1 : < 1 38 40 3 2 4 5 7 11 10 13 14 51 50 49 88 168 87 128 129 84 85 124 164 120 119 1 >  - distancia: 742.34 - carga: 550
Rota 2 : < 1 30 27 23 21 16 12 15 24 26 25 19 22 63 62 104 100 136 215 176 216 175 173 133 134 94 1 >  - distancia: 806.957 - carga: 550
Rota 3 : < 1 166 127 167 207 208 209 169 8 41 6 83 80 44 86 126 204 240 160 239 203 205 206 165 125 159 198 158 1 >  - distancia: 1586.63 - carga: 550
Rota 4 : < 1 174 135 95 96 56 55 54 53 52 91 132 131 92 93 172 171 212 211 210 170 130 89 90 46 45 37 17 1 >  - distancia: 928.996 - carga: 550
Rota 5 : < 1 34 36 35 32 75 74 72 68 108 107 106 148 147 146 188 228 187 186 185 105 221 217 214 213 1 >  - distancia: 1045.6 - carga: 500
Rota 6 : < 1 9 48 47 43 42 79 78 116 76 115 155 156 196 195 235 236 199 200 123 163 162 1 >  - distancia: 788.954 - carga: 550
Rota 7 : < 1 81 39 31 28 67 64 20 18 60 59 58 103 143 183 140 179 180 181 220 219 218 178 177 1 >  - distancia: 876.311 - carga: 550
Rota 8 : < 1 70 71 111 112 152 153 192 151 191 232 231 230 229 227 226 225 145 142 141 101 102 66 29 73 69 33 77 117 118 121 82 161 122 202 201 1 >  - distancia: 1326.2 - carga: 550
total - 9633.09
optimal_value: 5623
% acima: 71.3158%
Rota 0 : < 1 61 63 60 59 56 96 99 100 139 140 141 183 223 103 104 144 143 108 109 147 146 1 >  - distancia: 816.898 - carga: 550
Rota 1 : < 1 117 76 36 35 28 29 30 32 33 34 39 41 79 78 77 40 44 84 47 46 124 123 203 163 122 1 >  - distancia: 787.432 - carga: 550
Rota 2 : < 1 154 155 156 116 196 236 235 234 233 193 194 153 113 73 74 37 38 13 17 58 98 57 97 53 50 90 129 89 169 170 130 133 174 173 210 209 166 165 205 206 1 >  - distancia: 1611.93 - carga: 520
Rota 3 : < 1 191 231 232 192 152 195 239 240 83 85 86 164 204 202 161 201 162 82 121 118 158 157 197 198 238 237 114 1 >  - distancia: 1369.79 - carga: 490
Rota 4 : < 1 6 7 5 11 10 4 2 3 80 81 75 115 112 107 106 105 184 224 225 226 186 185 145 142 102 62 101 182 222 1 >  - distancia: 1036.96 - carga: 510
Rota 5 : < 1 49 51 52 91 92 93 95 132 131 171 212 172 211 175 134 94 215 214 213 216 217 218 177 178 137 138 1 >  - distancia: 1087.27 - carga: 540
Rota 6 : < 1 27 26 24 20 18 23 22 19 15 14 16 12 9 48 87 128 168 208 207 167 127 126 125 1 >  - distancia: 575.992 - carga: 550
Rota 7 : < 1 160 200 199 159 119 120 43 42 8 88 55 54 135 136 176 179 219 180 181 220 221 1 >  - distancia: 1018.17 - carga: 550
Rota 8 : < 1 66 64 65 68 72 71 31 67 69 111 151 148 187 188 227 228 229 190 230 189 150 149 110 70 25 21 45 1 >  - distancia: 967.065 - carga: 530
total - 9271.5
optimal_value: 5623
% acima: 64.8852%
Rota 0 : < 1 188 227 187 228 229 189 190 150 149 183 184 223 224 185 225 226 186 146 145 105 106 102 101 141 142 182 181 221 222 1 >  - distancia: 1232.58 - carga: 450
Rota 1 : < 1 52 55 95 96 56 54 53 135 136 175 176 177 217 215 214 174 134 133 93 50 89 164 204 205 206 209 210 130 173 1 >  - distancia: 1242.31 - carga: 530
Rota 2 : < 1 71 68 107 147 148 108 151 152 112 72 111 110 109 69 65 22 25 21 83 203 202 124 125 126 166 165 1 >  - distancia: 1077.43 - carga: 540
Rota 3 : < 1 213 212 211 172 132 92 48 84 43 81 123 163 240 239 238 237 198 157 118 117 77 78 42 121 82 122 162 201 161 197 233 1 >  - distancia: 1487.94 - carga: 550
Rota 4 : < 1 30 28 32 35 33 39 41 80 36 34 79 120 160 200 199 159 158 119 76 75 74 31 26 1 >  - distancia: 593.311 - carga: 550
Rota 5 : < 1 16 20 19 18 17 24 23 15 14 4 3 6 8 11 12 9 10 40 2 44 51 131 87 1 >  - distancia: 609.209 - carga: 550
Rota 6 : < 1 60 61 62 63 64 67 66 27 29 7 47 88 128 127 91 168 167 207 208 171 170 169 129 1 >  - distancia: 854.598 - carga: 550
Rota 7 : < 1 114 116 115 155 156 196 195 236 235 234 231 230 191 232 192 193 194 154 153 113 73 70 38 37 5 45 85 86 46 49 90 1 >  - distancia: 1080.99 - carga: 550
Rota 8 : < 1 99 100 59 104 103 144 143 180 179 140 220 139 216 219 218 178 138 98 97 137 94 57 58 13 1 >  - distancia: 1042.15 - carga: 520
total - 9220.53
optimal_value: 5623
% acima: 63.9788%
Rota 0 : < 1 188 227 187 228 229 189 190 150 149 183 184 223 224 185 225 226 186 146 145 105 106 102 101 141 142 182 181 221 222 1 >  - distancia: 1232.58 - carga: 450
Rota 1 : < 1 52 55 95 96 56 54 53 135 136 175 176 177 217 215 214 174 134 133 93 50 89 164 204 205 206 209 210 130 173 1 >  - distancia: 1242.31 - carga: 530
Rota 2 : < 1 71 68 107 147 148 108 151 152 112 72 111 110 109 69 65 22 25 21 83 203 202 124 125 126 166 165 1 >  - distancia: 1077.43 - carga: 540
Rota 3 : < 1 213 212 211 172 132 92 48 84 43 81 123 163 240 239 238 237 198 157 118 117 77 78 42 121 82 122 162 201 161 197 233 1 >  - distancia: 1487.94 - carga: 550
Rota 4 : < 1 30 28 32 35 33 39 41 80 36 34 79 120 160 200 199 159 158 119 76 75 74 31 26 1 >  - distancia: 593.311 - carga: 550
Rota 5 : < 1 16 20 19 18 17 24 23 15 14 4 3 6 8 11 12 9 10 40 2 44 51 131 87 1 >  - distancia: 609.209 - carga: 550
Rota 6 : < 1 60 61 62 63 64 67 66 27 29 7 47 88 128 127 91 168 167 207 208 171 170 169 129 1 >  - distancia: 854.598 - carga: 550
Rota 7 : < 1 114 116 115 155 156 196 195 236 235 234 231 230 191 232 192 193 194 154 153 113 73 70 38 37 5 45 85 86 46 49 90 1 >  - distancia: 1080.99 - carga: 550
Rota 8 : < 1 99 100 59 104 103 144 143 180 179 140 220 139 216 219 218 178 138 98 97 137 94 57 58 13 1 >  - distancia: 1042.15 - carga: 520
total - 9220.53
optimal_value: 5623
% acima: 63.9788%
Tempo total: -1.70193e+09 segundos
