Demorou  0 ms para ler o arquivo de entrada.
Rota 0 : < 1 51 3 8 252 172 223 107 239 83 48 63 178 34 279 1 >  - distancia: 3532.03 - carga: 192
Rota 1 : < 1 242 11 152 244 84 229 200 201 156 263 149 203 255 214 231 39 133 139 122 33 90 157 160 154 181 259 1 >  - distancia: 4045.67 - carga: 174
Rota 2 : < 1 91 9 150 188 114 87 116 79 196 202 170 220 169 253 246 85 103 77 228 222 93 1 >  - distancia: 3370.71 - carga: 192
Rota 3 : < 1 86 173 92 111 212 82 208 36 38 37 151 273 28 248 234 71 42 121 76 128 184 262 35 100 126 142 47 124 106 232 213 1 >  - distancia: 4653.09 - carga: 192
Rota 4 : < 1 137 32 264 70 129 148 195 159 241 98 104 164 109 224 199 194 266 215 31 136 81 197 54 101 235 56 135 115 72 50 260 193 187 230 155 1 >  - distancia: 5082.89 - carga: 191
Rota 5 : < 1 16 21 134 216 219 1 >  - distancia: 1416.06 - carga: 192
Rota 6 : < 1 97 24 2 89 143 1 >  - distancia: 2773.26 - carga: 190
Rota 7 : < 1 269 12 162 174 210 179 237 123 221 113 186 131 27 1 >  - distancia: 2314.58 - carga: 192
Rota 8 : < 1 60 14 10 58 29 189 96 1 >  - distancia: 2955.99 - carga: 192
Rota 9 : < 1 268 75 166 25 191 247 209 185 140 105 146 225 120 258 165 46 74 41 65 236 280 59 73 1 >  - distancia: 4025.78 - carga: 191
Rota 10 : < 1 110 17 205 125 256 163 153 132 167 276 102 261 243 95 127 217 211 61 277 62 52 145 190 69 265 1 >  - distancia: 3402.36 - carga: 192
Rota 11 : < 1 22 15 198 176 161 183 67 267 112 274 44 78 240 158 138 1 >  - distancia: 2386.51 - carga: 192
Rota 12 : < 1 233 18 13 30 207 177 204 251 171 1 >  - distancia: 1886.45 - carga: 192
Rota 13 : < 1 108 23 249 64 226 271 119 80 117 278 257 68 88 147 94 206 99 45 57 118 40 43 168 275 1 >  - distancia: 4616.33 - carga: 192
Rota 14 : < 1 254 7 19 270 130 272 141 192 238 180 49 1 >  - distancia: 3146.07 - carga: 183
Rota 15 : < 1 218 6 4 245 182 66 144 26 1 >  - distancia: 2361.24 - carga: 192
Rota 16 : < 1 250 20 55 5 227 175 53 1 >  - distancia: 1817.67 - carga: 192
total - 53786.7
optimal_value: 33503
% acima: 60.5429%
Rota 0 : < 1 102 132 276 71 206 42 234 254 96 68 257 226 271 258 235 80 146 119 225 74 59 51 236 65 41 280 220 170 196 1 >  - distancia: 4092 - carga: 192
Rota 1 : < 1 221 106 20 16 241 104 52 265 1 >  - distancia: 1959.65 - carga: 192
Rota 2 : < 1 253 4 6 245 79 1 >  - distancia: 2124.39 - carga: 192
Rota 3 : < 1 9 150 85 13 114 87 116 144 26 91 1 >  - distancia: 1989.35 - carga: 191
Rota 4 : < 1 164 22 12 179 210 232 174 155 1 >  - distancia: 1544.42 - carga: 192
Rota 5 : < 1 14 25 89 143 141 172 238 107 139 122 195 259 1 >  - distancia: 3164.73 - carga: 177
Rota 6 : < 1 137 201 264 148 32 145 159 98 55 160 157 229 84 129 70 156 134 216 214 255 219 188 246 103 77 218 202 279 182 66 222 1 >  - distancia: 4373.65 - carga: 179
Rota 7 : < 1 230 205 208 82 108 212 111 92 173 86 260 36 153 121 184 262 35 187 126 100 47 224 203 215 95 127 268 44 39 133 57 40 118 94 273 130 28 275 33 90 190 62 154 1 >  - distancia: 6167.86 - carga: 192
Rota 8 : < 1 180 8 3 140 252 223 117 278 56 135 72 50 1 >  - distancia: 2951.29 - carga: 192
Rota 9 : < 1 29 58 10 167 240 112 161 183 267 242 31 136 177 53 101 1 >  - distancia: 2939.48 - carga: 192
Rota 10 : < 1 266 15 7 168 151 37 128 248 1 >  - distancia: 2488.25 - carga: 192
Rota 11 : < 1 124 17 186 131 125 256 163 110 113 123 213 162 27 237 69 109 149 250 263 181 61 211 1 >  - distancia: 2945.54 - carga: 192
Rota 12 : < 1 228 5 11 152 200 244 81 231 197 93 1 >  - distancia: 2374.61 - carga: 192
Rota 13 : < 1 105 24 272 38 76 269 75 166 99 45 158 261 97 198 251 204 175 169 165 171 194 1 >  - distancia: 4199.99 - carga: 192
Rota 14 : < 1 239 23 19 270 247 48 209 63 189 249 115 46 60 34 120 178 49 73 192 43 138 193 1 >  - distancia: 5315.01 - carga: 190
Rota 15 : < 1 21 18 207 233 30 227 54 1 >  - distancia: 1430.82 - carga: 192
Rota 16 : < 1 142 2 191 185 83 88 64 147 78 176 67 274 199 277 217 243 1 >  - distancia: 3675.21 - carga: 192
total - 53736.2
optimal_value: 33503
% acima: 60.3923%
Rota 0 : < 1 102 132 276 71 206 42 234 254 96 68 257 226 271 258 235 80 146 119 225 74 59 51 236 65 41 280 220 170 196 1 >  - distancia: 4092 - carga: 192
Rota 1 : < 1 221 106 20 16 241 104 52 265 1 >  - distancia: 1959.65 - carga: 192
Rota 2 : < 1 253 4 6 245 79 1 >  - distancia: 2124.39 - carga: 192
Rota 3 : < 1 9 150 85 13 114 87 116 144 26 91 1 >  - distancia: 1989.35 - carga: 191
Rota 4 : < 1 164 22 12 179 210 232 174 155 1 >  - distancia: 1544.42 - carga: 192
Rota 5 : < 1 14 25 89 143 141 172 238 107 139 122 195 259 1 >  - distancia: 3164.73 - carga: 177
Rota 6 : < 1 137 201 264 148 32 145 159 98 55 160 157 229 84 129 70 156 134 216 214 255 219 188 246 103 77 218 202 279 182 66 222 1 >  - distancia: 4373.65 - carga: 179
Rota 7 : < 1 230 205 208 82 108 212 111 92 173 86 260 36 153 121 184 262 35 187 126 100 47 224 203 215 95 127 268 44 39 133 57 40 118 94 273 130 28 275 33 90 190 62 154 1 >  - distancia: 6167.86 - carga: 192
Rota 8 : < 1 180 8 3 140 252 223 117 278 56 135 72 50 1 >  - distancia: 2951.29 - carga: 192
Rota 9 : < 1 29 58 10 167 240 112 161 183 267 242 31 136 177 53 101 1 >  - distancia: 2939.48 - carga: 192
Rota 10 : < 1 266 15 7 168 151 37 128 248 1 >  - distancia: 2488.25 - carga: 192
Rota 11 : < 1 124 17 186 131 125 256 163 110 113 123 213 162 27 237 69 109 149 250 263 181 61 211 1 >  - distancia: 2945.54 - carga: 192
Rota 12 : < 1 228 5 11 152 200 244 81 231 197 93 1 >  - distancia: 2374.61 - carga: 192
Rota 13 : < 1 105 24 272 38 76 269 75 166 99 45 158 261 97 198 251 204 175 169 165 171 194 1 >  - distancia: 4199.99 - carga: 192
Rota 14 : < 1 239 23 19 270 247 48 209 63 189 249 115 46 60 34 120 178 49 73 192 43 138 193 1 >  - distancia: 5315.01 - carga: 190
Rota 15 : < 1 21 18 207 233 30 227 54 1 >  - distancia: 1430.82 - carga: 192
Rota 16 : < 1 142 2 191 185 83 88 64 147 78 176 67 274 199 277 217 243 1 >  - distancia: 3675.21 - carga: 192
total - 53736.2
optimal_value: 33503
% acima: 60.3923%
Tempo total: -1.70193e+09 segundos
