
Demorou  0 ms para ler o arquivo de entrada.
Rota 0 : < 1 97 274 112 44 167 78 158 163 110 153 132 269 67 242 39 64 80 120 31 46 65 279 41 51 74 146 49 107 165 236 135 56 115 72 122 1 >  - distancia: 5715.32 - carga: 192
Rota 1 : < 1 179 237 16 32 137 98 104 241 174 210 232 69 277 62 90 265 157 259 219 91 26 144 1 >  - distancia: 3944.26 - carga: 192
Rota 2 : < 1 240 10 23 68 271 119 50 1 >  - distancia: 2349.54 - carga: 192
Rota 3 : < 1 28 3 25 89 143 141 223 239 235 258 59 73 180 1 >  - distancia: 4177.42 - carga: 192
Rota 4 : < 1 252 8 2 185 83 278 225 280 34 1 >  - distancia: 3208.47 - carga: 192
Rota 5 : < 1 33 166 123 131 106 221 113 256 125 82 208 205 86 212 92 111 47 108 100 248 40 42 151 273 168 94 130 48 249 102 138 118 43 63 238 192 1 >  - distancia: 5823.99 - carga: 185
Rota 6 : < 1 36 7 24 272 1 >  - distancia: 2403.09 - carga: 192
Rota 7 : < 1 117 19 270 247 191 172 140 105 178 226 88 257 254 96 189 234 71 128 121 275 187 1 >  - distancia: 4088.47 - carga: 192
Rota 8 : < 1 27 12 162 17 213 186 124 1 >  - distancia: 1809.9 - carga: 192
Rota 9 : < 1 215 266 13 253 85 114 177 197 175 81 204 136 251 30 214 188 93 1 >  - distancia: 3195.41 - carga: 192
Rota 10 : < 1 198 15 22 199 183 267 161 176 109 224 211 217 95 243 75 268 1 >  - distancia: 2350.9 - carga: 192
Rota 11 : < 1 18 21 216 255 233 207 227 246 1 >  - distancia: 1979.7 - carga: 192
Rota 12 : < 1 66 4 116 245 182 87 77 103 218 171 54 228 222 60 53 194 155 230 193 1 >  - distancia: 5097.95 - carga: 168
Rota 13 : < 1 149 14 209 29 58 147 38 142 35 184 262 37 276 57 76 173 260 126 45 99 261 206 139 133 127 1 >  - distancia: 4634.32 - carga: 192
Rota 14 : < 1 101 9 150 6 169 170 79 196 202 1 >  - distancia: 2774.99 - carga: 192
Rota 15 : < 1 160 20 264 148 201 129 156 152 134 70 203 250 145 55 159 263 52 190 164 61 181 154 195 1 >  - distancia: 2541.18 - carga: 192
Rota 16 : < 1 220 5 11 244 229 84 200 231 1 >  - distancia: 2234.94 - carga: 192
total - 58329.8
optimal_value: 33503
% acima: 74.1033%
Demorou  0 ms para ler o arquivo de entrada.
Rota 0 : < 1 217 22 15 136 204 150 227 188 253 87 114 246 202 1 >  - distancia: 2488.67 - carga: 192
Rota 1 : < 1 103 18 16 145 32 55 160 157 195 259 1 >  - distancia: 2378.55 - carga: 192
Rota 2 : < 1 182 9 13 233 214 216 255 219 134 200 263 194 1 >  - distancia: 2676.46 - carga: 192
Rota 3 : < 1 35 7 248 128 38 142 100 126 173 260 92 86 113 179 33 1 >  - distancia: 3240.2 - carga: 192
Rota 4 : < 1 205 12 20 137 98 1 >  - distancia: 1863.15 - carga: 191
Rota 5 : < 1 140 3 252 185 247 191 83 143 135 50 178 180 49 72 139 122 102 127 90 154 211 265 155 1 >  - distancia: 4589.97 - carga: 172
Rota 6 : < 1 245 6 74 220 51 80 236 120 60 34 65 59 280 41 101 54 197 183 267 53 171 44 39 133 274 95 61 181 1 >  - distancia: 4651.85 - carga: 192
Rota 7 : < 1 36 14 2 141 192 238 73 1 >  - distancia: 3035.43 - carga: 192
Rota 8 : < 1 28 19 8 172 223 107 257 239 63 48 209 94 168 212 47 111 262 187 138 115 249 40 118 275 1 >  - distancia: 5377.28 - carga: 184
Rota 9 : < 1 123 17 186 162 125 131 221 166 75 269 112 97 31 46 218 170 85 228 279 77 26 91 144 66 1 >  - distancia: 4735.93 - carga: 191
Rota 10 : < 1 79 116 4 196 169 175 165 271 225 235 117 56 105 1 >  - distancia: 3283.14 - carga: 192
Rota 11 : < 1 89 25 24 272 270 130 151 273 108 184 76 57 99 268 106 1 >  - distancia: 3814.57 - carga: 192
Rota 12 : < 1 229 244 21 152 84 203 201 129 148 264 156 70 159 250 1 >  - distancia: 2245.86 - carga: 191
Rota 13 : < 1 62 5 30 11 81 177 231 207 93 222 1 >  - distancia: 2564.56 - carga: 192
Rota 14 : < 1 146 10 167 276 110 256 163 132 153 42 37 121 71 234 43 189 1 >  - distancia: 3739.24 - carga: 192
Rota 15 : < 1 251 176 199 198 242 67 161 243 224 215 266 109 277 149 241 164 52 190 104 232 174 210 237 69 82 124 208 213 230 27 193 1 >  - distancia: 4452.11 - carga: 192
Rota 16 : < 1 258 23 254 96 88 119 226 278 68 29 147 58 64 78 206 240 158 261 45 1 >  - distancia: 3258.81 - carga: 192
total - 58395.8
optimal_value: 33503
% acima: 74.3002%
Demorou  0 ms para ler o arquivo de entrada.
Rota 0 : < 1 25 19 23 64 1 >  - distancia: 2672.2 - carga: 192
Rota 1 : < 1 68 6 182 103 150 175 227 177 197 207 84 200 152 255 244 203 277 265 1 >  - distancia: 3789.36 - carga: 192
Rota 2 : < 1 134 21 18 233 30 253 246 214 1 >  - distancia: 1660.22 - carga: 192
Rota 3 : < 1 32 9 81 188 218 204 165 31 101 46 235 80 220 170 116 79 144 279 222 107 238 192 49 43 40 275 1 >  - distancia: 5394.91 - carga: 191
Rota 4 : < 1 47 212 111 92 173 86 100 256 121 184 163 36 128 76 262 35 38 142 37 147 270 48 141 178 180 258 280 34 120 73 135 189 57 126 45 75 133 1 >  - distancia: 6319.89 - carga: 192
Rota 5 : < 1 259 129 70 156 104 131 27 241 61 52 250 154 98 164 62 211 149 145 195 157 160 216 219 54 171 97 39 274 139 122 115 151 273 168 28 130 206 69 90 217 127 268 33 159 1 >  - distancia: 6221.12 - carga: 165
Rota 6 : < 1 229 20 148 264 5 53 93 1 >  - distancia: 2139.33 - carga: 192
Rota 7 : < 1 55 137 201 109 224 266 176 215 198 243 95 183 199 161 136 242 251 67 112 44 58 71 234 167 166 110 1 >  - distancia: 3649.73 - carga: 192
Rota 8 : < 1 190 22 12 162 174 210 232 155 194 1 >  - distancia: 1856.68 - carga: 192
Rota 9 : < 1 94 10 4 245 66 91 1 >  - distancia: 3141.08 - carga: 189
Rota 10 : < 1 2 252 89 191 172 143 185 247 83 88 223 239 63 209 272 254 96 1 >  - distancia: 3930.48 - carga: 192
Rota 11 : < 1 181 263 16 17 186 125 205 123 1 >  - distancia: 1943.04 - carga: 192
Rota 12 : < 1 11 13 85 114 87 196 169 228 202 77 26 1 >  - distancia: 2154.78 - carga: 192
Rota 13 : < 1 267 24 8 140 105 225 146 119 278 56 50 1 >  - distancia: 3206.15 - carga: 192
Rota 14 : < 1 3 14 117 226 1 >  - distancia: 2467.73 - carga: 192
Rota 15 : < 1 231 15 7 248 153 108 193 260 187 138 118 1 >  - distancia: 3229.74 - carga: 192
Rota 16 : < 1 99 113 213 124 230 179 221 237 106 82 208 276 78 240 132 102 269 261 158 42 29 271 72 65 59 60 51 41 74 236 257 249 1 >  - distancia: 4957.66 - carga: 192
total - 58734.1
optimal_value: 33503
% acima: 75.3099%
Demorou  0 ms para ler o arquivo de entrada.
Rota 0 : < 1 239 14 25 89 185 48 226 119 235 135 189 1 >  - distancia: 3221.82 - carga: 192
Rota 1 : < 1 101 21 134 129 201 98 159 145 32 55 157 137 264 195 70 156 160 154 259 1 >  - distancia: 2837.08 - carga: 191
Rota 2 : < 1 122 23 10 58 78 167 158 1 >  - distancia: 2120.06 - carga: 192
Rota 3 : < 1 153 17 186 162 124 230 108 125 166 99 123 256 110 142 37 36 128 184 132 118 1 >  - distancia: 4136.6 - carga: 192
Rota 4 : < 1 138 19 270 191 83 247 209 63 223 68 147 29 64 165 204 183 205 86 47 212 111 208 260 193 27 155 265 1 >  - distancia: 4696.4 - carga: 192
Rota 5 : < 1 251 11 9 150 114 85 87 253 246 188 53 93 1 >  - distancia: 2124.01 - carga: 192
Rota 6 : < 1 148 20 16 241 104 164 62 1 >  - distancia: 836.571 - carga: 192
Rota 7 : < 1 220 74 225 80 105 278 56 257 117 146 271 258 170 218 46 175 169 228 227 31 267 133 240 44 121 100 262 35 187 126 1 >  - distancia: 5121.26 - carga: 192
Rota 8 : < 1 103 4 22 90 277 243 224 198 242 39 1 >  - distancia: 3083.47 - carga: 192
Rota 9 : < 1 95 15 215 161 199 266 176 109 211 149 181 61 203 263 250 52 190 217 75 69 33 268 127 45 57 261 254 249 115 139 102 76 1 >  - distancia: 4835.74 - carga: 192
Rota 10 : < 1 72 8 3 252 140 172 141 192 88 96 107 238 49 1 >  - distancia: 3606.74 - carga: 192
Rota 11 : < 1 30 18 5 177 197 81 54 231 1 >  - distancia: 1347.89 - carga: 192
Rota 12 : < 1 274 7 248 42 234 71 206 276 163 269 112 97 67 136 194 1 >  - distancia: 2936.09 - carga: 192
Rota 13 : < 1 59 13 207 233 255 84 229 200 244 152 216 214 219 236 73 50 180 130 28 275 40 43 77 26 91 144 66 222 1 >  - distancia: 6852.9 - carga: 181
Rota 14 : < 1 171 6 116 245 79 196 182 202 279 41 60 51 120 34 65 280 178 38 92 1 >  - distancia: 4568.23 - carga: 173
Rota 15 : < 1 143 2 24 272 151 273 168 94 1 >  - distancia: 2931.67 - carga: 192
Rota 16 : < 1 173 12 213 82 113 179 131 106 174 210 232 237 221 1 >  - distancia: 2822.59 - carga: 192
total - 58079.1
optimal_value: 33503
% acima: 73.355%
Demorou  0 ms para ler o arquivo de entrada.
Rota 0 : < 1 61 17 124 230 186 205 208 125 131 161 183 67 97 242 267 204 271 135 235 46 175 1 >  - distancia: 3586.42 - carga: 192
Rota 1 : < 1 160 22 12 162 113 123 221 237 1 >  - distancia: 1562.66 - carga: 192
Rota 2 : < 1 151 38 262 35 173 111 92 86 212 213 198 44 75 82 47 260 126 57 220 41 34 228 51 120 115 206 139 133 261 102 268 27 127 194 279 66 144 171 93 222 50 49 180 238 192 43 40 118 275 187 193 1 >  - distancia: 11041.5 - carga: 168
Rota 3 : < 1 48 14 68 117 226 119 105 146 80 236 59 60 280 169 170 74 65 1 >  - distancia: 3568.34 - carga: 192
Rota 4 : < 1 141 25 19 270 247 191 83 89 143 130 100 138 95 211 181 62 265 159 156 1 >  - distancia: 3995.78 - carga: 186
Rota 5 : < 1 56 3 8 172 140 252 223 107 225 73 1 >  - distancia: 2848.13 - carga: 192
Rota 6 : < 1 217 16 104 164 241 174 210 232 179 166 106 33 69 90 98 55 157 154 1 >  - distancia: 2160.91 - carga: 192
Rota 7 : < 1 26 13 6 245 79 77 87 202 85 91 1 >  - distancia: 2540.95 - carga: 192
Rota 8 : < 1 2 24 272 185 258 1 >  - distancia: 3022.72 - carga: 192
Rota 9 : < 1 5 9 150 227 253 188 1 >  - distancia: 1666.38 - carga: 192
Rota 10 : < 1 94 23 29 147 58 189 254 96 257 278 88 239 209 63 178 165 218 246 207 177 231 203 263 155 1 >  - distancia: 4232.1 - carga: 192
Rota 11 : < 1 274 112 11 244 84 200 229 176 199 109 243 224 266 215 152 30 255 216 219 197 1 >  - distancia: 3237.01 - carga: 192
Rota 12 : < 1 39 15 20 32 195 137 264 148 145 52 149 250 277 190 1 >  - distancia: 2334.49 - carga: 192
Rota 13 : < 1 214 18 21 134 201 70 129 259 1 >  - distancia: 1573.43 - carga: 191
Rota 14 : < 1 269 10 234 71 153 163 256 276 167 240 78 158 45 99 108 1 >  - distancia: 3153.77 - carga: 192
Rota 15 : < 1 121 7 248 42 132 110 36 142 184 128 76 37 168 28 273 64 72 249 122 1 >  - distancia: 3741.33 - carga: 192
Rota 16 : < 1 116 4 182 196 103 114 233 81 54 53 101 31 136 251 1 >  - distancia: 2705 - carga: 192
total - 56970.9
optimal_value: 33503
% acima: 70.0472%
Demorou  0 ms para ler o arquivo de entrada.
Rota 0 : < 1 136 3 14 88 239 1 >  - distancia: 2521.69 - carga: 192
Rota 1 : < 1 29 24 19 270 191 83 143 89 141 247 48 1 >  - distancia: 2997.28 - carga: 192
Rota 2 : < 1 166 22 210 232 179 221 123 106 237 113 131 174 69 90 190 269 261 75 158 102 45 99 268 110 33 127 39 1 >  - distancia: 4027.36 - carga: 192
Rota 3 : < 1 155 17 205 108 208 125 124 230 132 100 35 57 274 133 115 135 59 280 178 49 120 65 279 222 66 139 72 50 73 238 192 63 43 40 118 275 138 27 265 1 >  - distancia: 6907.3 - carga: 176
Rota 4 : < 1 180 8 278 189 147 218 53 196 79 116 202 228 253 114 87 214 134 255 70 216 219 233 246 85 26 1 >  - distancia: 5436.37 - carga: 192
Rota 5 : < 1 187 38 121 184 142 262 153 36 128 76 37 248 234 58 68 117 56 225 235 74 220 258 165 188 101 169 170 1 >  - distancia: 4195.95 - carga: 192
Rota 6 : < 1 105 7 151 273 28 168 94 272 130 209 46 80 34 60 41 182 77 200 231 197 156 259 1 >  - distancia: 4838.67 - carga: 177
Rota 7 : < 1 98 18 13 150 207 244 204 31 122 1 >  - distancia: 2385.98 - carga: 192
Rota 8 : < 1 51 25 2 252 172 140 185 223 1 >  - distancia: 3282.09 - carga: 192
Rota 9 : < 1 54 5 177 9 227 175 171 93 91 1 >  - distancia: 1903.28 - carga: 192
Rota 10 : < 1 256 12 162 213 186 82 92 111 173 86 260 47 212 193 1 >  - distancia: 2898.46 - carga: 192
Rota 11 : < 1 271 4 6 245 103 144 1 >  - distancia: 2701.82 - carga: 192
Rota 12 : < 1 30 21 11 81 152 229 203 194 1 >  - distancia: 2113.93 - carga: 192
Rota 13 : < 1 62 16 145 129 264 201 148 32 195 157 250 263 241 164 84 242 1 >  - distancia: 2770.54 - carga: 192
Rota 14 : < 1 199 176 198 266 161 183 67 267 97 112 78 167 240 64 249 119 146 226 257 107 254 96 42 206 44 251 224 95 217 211 149 1 >  - distancia: 3584.16 - carga: 192
Rota 15 : < 1 159 20 15 215 109 243 277 104 55 160 137 61 52 181 154 1 >  - distancia: 2010.4 - carga: 192
Rota 16 : < 1 236 23 10 71 276 163 126 1 >  - distancia: 2725.36 - carga: 192
total - 57300.6
optimal_value: 33503
% acima: 71.0313%
Demorou  0 ms para ler o arquivo de entrada.
Rota 0 : < 1 107 117 271 16 241 104 277 62 164 190 109 266 198 242 199 194 95 1 >  - distancia: 3437.66 - carga: 192
Rota 1 : < 1 192 8 25 19 270 130 209 63 178 49 180 238 98 231 1 >  - distancia: 4416.62 - carga: 192
Rota 2 : < 1 96 24 272 191 247 172 223 88 146 119 64 249 115 58 189 240 139 183 224 211 127 1 >  - distancia: 3864.64 - carga: 192
Rota 3 : < 1 153 12 17 131 179 106 155 1 >  - distancia: 2199.47 - carga: 192
Rota 4 : < 1 260 173 111 212 108 86 100 125 208 193 47 174 221 232 69 90 149 215 243 203 145 250 181 52 210 70 259 134 53 251 44 97 67 99 268 217 1 >  - distancia: 6361.04 - carga: 192
Rota 5 : < 1 92 3 252 140 105 226 278 257 225 236 220 65 74 41 51 73 1 >  - distancia: 3907.78 - carga: 192
Rota 6 : < 1 167 78 23 68 29 147 254 234 121 128 256 205 124 186 123 33 1 >  - distancia: 2887.35 - carga: 192
Rota 7 : < 1 93 9 18 207 30 233 214 255 219 200 61 129 154 1 >  - distancia: 1901.57 - carga: 191
Rota 8 : < 1 136 13 4 79 77 91 1 >  - distancia: 2371.17 - carga: 191
Rota 9 : < 1 113 22 20 32 137 195 55 160 148 201 264 156 1 >  - distancia: 1967.64 - carga: 191
Rota 10 : < 1 152 11 81 54 177 197 204 31 112 274 133 267 269 261 163 166 162 237 82 213 27 230 1 >  - distancia: 3021.58 - carga: 191
Rota 11 : < 1 168 7 151 273 89 83 48 239 141 184 275 35 187 138 102 206 39 159 157 265 94 28 40 118 43 122 222 1 >  - distancia: 6600.66 - carga: 167
Rota 12 : < 1 276 10 71 42 37 248 38 142 36 76 262 126 110 158 45 132 57 161 75 1 >  - distancia: 3278.52 - carga: 192
Rota 13 : < 1 14 2 185 143 1 >  - distancia: 2780.21 - carga: 191
Rota 14 : < 1 6 245 116 253 196 182 170 46 59 34 60 80 235 258 135 72 50 56 280 120 279 103 144 66 202 1 >  - distancia: 4676.3 - carga: 192
Rota 15 : < 1 263 15 176 21 216 84 229 244 1 >  - distancia: 1736.79 - carga: 191
Rota 16 : < 1 165 5 188 150 85 114 169 228 101 218 175 227 87 26 246 171 1 >  - distancia: 2941.23 - carga: 192
total - 58350.2
optimal_value: 33503
% acima: 74.1642%
Demorou  0 ms para ler o arquivo de entrada.
Rota 0 : < 1 249 23 147 29 189 58 64 271 225 235 80 68 56 257 240 71 206 57 184 151 28 273 168 275 1 >  - distancia: 4120.42 - carga: 192
Rota 1 : < 1 61 263 149 224 211 277 52 109 241 174 179 113 166 123 256 108 86 205 173 100 126 128 110 167 139 115 135 236 41 222 66 1 >  - distancia: 4696.31 - carga: 192
Rota 2 : < 1 79 18 233 81 54 231 244 229 134 264 148 98 203 181 250 164 243 95 104 190 90 69 265 1 >  - distancia: 3739.86 - carga: 192
Rota 3 : < 1 165 17 186 213 125 208 92 212 111 47 82 142 76 35 260 193 70 259 156 255 214 91 77 144 246 1 >  - distancia: 5481.79 - carga: 181
Rota 4 : < 1 45 3 117 278 226 105 146 119 74 65 220 258 46 218 101 93 197 1 >  - distancia: 3140.52 - carga: 192
Rota 5 : < 1 157 16 20 137 55 160 32 159 1 >  - distancia: 929.933 - carga: 192
Rota 6 : < 1 266 5 9 227 114 87 26 1 >  - distancia: 1806.96 - carga: 192
Rota 7 : < 1 158 2 89 24 272 94 1 >  - distancia: 2776.16 - carga: 192
Rota 8 : < 1 112 7 10 1 >  - distancia: 2199.51 - carga: 192
Rota 9 : < 1 14 19 130 270 247 191 185 83 143 141 192 238 1 >  - distancia: 3150.98 - carga: 191
Rota 10 : < 1 118 4 196 116 245 103 202 228 279 51 73 34 120 59 60 280 178 180 49 50 122 195 62 27 155 194 1 >  - distancia: 5933.78 - carga: 180
Rota 11 : < 1 217 21 13 30 207 216 154 1 >  - distancia: 1935.71 - carga: 192
Rota 12 : < 1 129 201 11 15 176 198 215 199 161 183 67 267 1 >  - distancia: 1759.06 - carga: 192
Rota 13 : < 1 36 25 8 252 223 239 88 140 172 254 96 48 107 72 209 63 43 40 138 1 >  - distancia: 4585.56 - carga: 185
Rota 14 : < 1 170 6 182 169 150 188 85 253 177 152 219 84 200 145 210 232 221 1 >  - distancia: 3568 - carga: 192
Rota 15 : < 1 187 262 121 38 37 248 234 42 153 163 132 276 269 78 44 274 31 242 136 204 175 53 171 251 39 133 97 75 99 268 127 261 102 1 >  - distancia: 4514.52 - carga: 192
Rota 16 : < 1 106 131 22 12 162 124 230 237 33 1 >  - distancia: 2067.72 - carga: 192
total - 56406.8
optimal_value: 33503
% acima: 68.3634%
Demorou  0 ms para ler o arquivo de entrada.
Rota 0 : < 1 229 11 18 175 188 169 170 220 65 41 74 1 >  - distancia: 2213.69 - carga: 192
Rota 1 : < 1 146 3 8 172 185 105 235 72 50 135 115 139 1 >  - distancia: 2998.78 - carga: 192
Rota 2 : < 1 163 9 150 10 167 71 29 1 >  - distancia: 3335.4 - carga: 192
Rota 3 : < 1 228 196 79 114 30 244 177 207 227 85 87 103 245 116 77 46 279 222 274 133 96 94 147 107 63 28 275 118 40 43 122 73 49 180 238 192 1 >  - distancia: 7467.59 - carga: 162
Rota 4 : < 1 78 14 191 247 209 88 254 234 248 42 37 36 57 206 44 243 61 69 127 1 >  - distancia: 3679.85 - carga: 192
Rota 5 : < 1 195 137 264 32 20 129 201 156 148 55 159 98 241 109 199 194 95 224 149 230 1 >  - distancia: 2839.11 - carga: 192
Rota 6 : < 1 4 6 182 202 253 246 26 144 66 1 >  - distancia: 2753.54 - carga: 191
Rota 7 : < 1 125 7 13 214 91 93 1 >  - distancia: 3164.54 - carga: 192
Rota 8 : < 1 97 112 267 17 205 82 47 92 212 173 111 108 193 213 86 260 124 106 99 110 102 45 268 232 1 >  - distancia: 3977.78 - carga: 192
Rota 9 : < 1 218 101 21 16 265 1 >  - distancia: 2228.59 - carga: 192
Rota 10 : < 1 189 2 143 141 252 140 226 258 225 120 236 34 80 51 60 59 280 178 56 1 >  - distancia: 3894.91 - carga: 192
Rota 11 : < 1 179 12 186 131 221 174 210 113 256 208 162 237 155 1 >  - distancia: 2378.4 - carga: 192
Rota 12 : < 1 119 117 257 278 68 64 240 132 153 276 158 261 269 266 203 250 157 145 164 52 104 123 33 277 62 217 263 255 219 54 231 197 53 171 39 1 >  - distancia: 5277.57 - carga: 192
Rota 13 : < 1 190 22 90 166 75 161 183 136 165 31 81 204 251 84 233 216 200 134 70 259 154 160 181 211 27 1 >  - distancia: 4173.94 - carga: 192
Rota 14 : < 1 152 5 15 242 176 215 198 67 1 >  - distancia: 1870.28 - carga: 192
Rota 15 : < 1 271 24 19 270 130 151 38 128 76 142 100 1 >  - distancia: 2904.36 - carga: 192
Rota 16 : < 1 249 23 58 25 89 83 223 239 48 272 273 168 121 35 184 262 126 138 187 1 >  - distancia: 3693.97 - carga: 192
total - 58852.3
optimal_value: 33503
% acima: 75.6628%
Demorou  0 ms para ler o arquivo de entrada.
Rota 0 : < 1 263 149 176 198 199 215 112 39 240 167 269 131 123 186 208 47 82 158 88 147 96 151 209 254 94 189 115 249 141 192 130 273 168 28 275 126 138 187 1 >  - distancia: 6440.58 - carga: 192
Rota 1 : < 1 21 216 233 229 203 84 109 224 95 161 266 277 98 154 52 61 250 160 1 >  - distancia: 2347.03 - carga: 192
Rota 2 : < 1 261 17 125 10 78 71 234 248 42 57 1 >  - distancia: 2820.74 - carga: 192
Rota 3 : < 1 55 20 14 278 226 119 80 120 1 >  - distancia: 2518.59 - carga: 192
Rota 4 : < 1 132 163 24 3 107 56 1 >  - distancia: 2661.98 - carga: 192
Rota 5 : < 1 87 6 18 207 30 150 253 114 26 1 >  - distancia: 2374.47 - carga: 192
Rota 6 : < 1 110 153 276 36 121 76 38 128 184 142 262 100 35 172 270 68 135 258 165 117 72 236 280 60 170 46 65 279 34 222 66 144 1 >  - distancia: 6039.47 - carga: 180
Rota 7 : < 1 136 11 81 175 218 169 202 228 220 51 73 59 225 41 271 235 64 105 146 178 257 50 49 1 >  - distancia: 4314.51 - carga: 192
Rota 8 : < 1 22 19 25 89 185 140 238 180 1 >  - distancia: 2975.93 - carga: 192
Rota 9 : < 1 155 16 241 104 174 179 237 256 108 193 212 173 205 210 90 1 >  - distancia: 2833.77 - carga: 192
Rota 10 : < 1 8 2 143 191 247 83 252 223 239 63 1 >  - distancia: 3092.08 - carga: 192
Rota 11 : < 1 40 7 23 29 58 1 >  - distancia: 2332.7 - carga: 192
Rota 12 : < 1 148 32 264 137 195 145 157 201 70 152 129 156 159 190 67 274 267 242 44 183 127 69 75 268 232 27 164 265 62 211 217 33 45 206 102 133 97 139 122 43 118 1 >  - distancia: 5783.75 - carga: 181
Rota 13 : < 1 243 15 5 177 204 251 31 101 171 1 >  - distancia: 2171.09 - carga: 192
Rota 14 : < 1 227 9 13 85 188 53 244 200 181 194 259 1 >  - distancia: 2251.05 - carga: 192
Rota 15 : < 1 74 4 116 79 196 182 103 245 77 255 214 91 134 231 219 246 54 197 93 1 >  - distancia: 4287.63 - carga: 184
Rota 16 : < 1 12 162 106 221 166 99 113 213 124 230 92 111 86 260 37 272 48 1 >  - distancia: 3418.91 - carga: 192
total - 58664.3
optimal_value: 33503
% acima: 75.1015%
Demorou  0 ms para ler o arquivo de entrada.
Rota 0 : < 1 88 3 105 119 225 80 235 271 220 258 46 31 112 44 133 274 1 >  - distancia: 3069.92 - carga: 192
Rota 1 : < 1 122 14 25 247 89 191 48 83 143 209 63 96 94 273 28 1 >  - distancia: 3595.09 - carga: 191
Rota 2 : < 1 189 147 17 205 82 213 125 163 153 110 132 78 276 240 167 158 102 261 67 69 62 265 1 >  - distancia: 3973.14 - carga: 192
Rota 3 : < 1 194 16 5 177 1 >  - distancia: 2022.2 - carga: 192
Rota 4 : < 1 165 23 4 245 103 1 >  - distancia: 2680.74 - carga: 192
Rota 5 : < 1 124 162 179 237 123 166 176 199 215 136 218 188 53 233 207 169 79 202 196 182 175 170 279 60 280 228 77 26 144 66 222 1 >  - distancia: 5690.23 - carga: 192
Rota 6 : < 1 43 10 7 248 118 1 >  - distancia: 2329.48 - carga: 192
Rota 7 : < 1 39 22 15 11 244 266 231 1 >  - distancia: 2345.91 - carga: 192
Rota 8 : < 1 232 174 210 131 221 113 269 75 161 242 267 251 101 253 150 87 116 74 59 41 51 34 236 120 65 246 216 255 134 219 149 154 1 >  - distancia: 4649.74 - carga: 192
Rota 9 : < 1 56 8 252 172 140 223 226 117 68 64 58 29 234 71 206 256 128 76 184 38 275 1 >  - distancia: 3888.18 - carga: 192
Rota 10 : < 1 254 121 36 142 2 141 185 239 257 107 146 49 278 115 249 135 72 178 180 238 192 50 73 1 >  - distancia: 5119.93 - carga: 186
Rota 11 : < 1 181 263 250 109 277 190 52 61 55 98 241 145 137 32 148 201 159 104 164 90 224 243 95 217 198 97 106 99 33 127 268 45 211 157 160 156 259 1 >  - distancia: 4240.95 - carga: 184
Rota 12 : < 1 229 18 13 30 85 114 227 214 91 1 >  - distancia: 1949.13 - carga: 192
Rota 13 : < 1 40 19 24 272 270 130 151 37 100 42 57 139 171 93 197 1 >  - distancia: 3311.39 - carga: 180
Rota 14 : < 1 204 6 9 81 54 152 84 200 203 1 >  - distancia: 2234.6 - carga: 191
Rota 15 : < 1 183 20 21 129 70 264 195 1 >  - distancia: 1992.37 - carga: 192
Rota 16 : < 1 47 12 186 108 86 173 92 212 111 208 193 260 262 187 126 138 35 168 27 230 155 1 >  - distancia: 4146.84 - carga: 189
total - 57239.8
optimal_value: 33503
% acima: 70.8499%
Demorou  0 ms para ler o arquivo de entrada.
Rota 0 : < 1 201 129 13 4 77 1 >  - distancia: 2018.29 - carga: 192
Rota 1 : < 1 262 10 15 176 161 199 198 243 277 211 62 1 >  - distancia: 2608.77 - carga: 192
Rota 2 : < 1 114 5 6 169 188 1 >  - distancia: 2247.6 - carga: 192
Rota 3 : < 1 102 269 158 240 58 234 153 142 184 254 96 107 74 182 170 245 116 79 103 196 87 150 85 175 207 30 219 1 >  - distancia: 4628.58 - carga: 192
Rota 4 : < 1 232 12 113 131 106 210 174 179 237 123 99 67 75 266 194 1 >  - distancia: 2393.19 - carga: 192
Rota 5 : < 1 22 17 186 162 221 33 166 112 274 44 31 136 204 197 1 >  - distancia: 2393.54 - carga: 192
Rota 6 : < 1 148 20 32 21 152 134 231 1 >  - distancia: 1500.2 - carga: 192
Rota 7 : < 1 167 78 276 71 248 38 36 128 37 121 76 100 126 138 42 118 57 213 27 95 97 261 220 101 202 246 59 280 60 228 222 39 249 120 73 50 66 144 26 1 >  - distancia: 7477.47 - carga: 177
Rota 8 : < 1 206 24 3 140 172 238 180 1 >  - distancia: 2899.9 - carga: 192
Rota 9 : < 1 137 55 16 18 227 233 214 1 >  - distancia: 1593.95 - carga: 192
Rota 10 : < 1 191 19 8 252 223 146 105 225 235 271 72 258 65 279 1 >  - distancia: 3679.26 - carga: 192
Rota 11 : < 1 110 2 141 192 239 178 49 46 53 267 183 45 69 268 203 255 216 70 259 195 61 154 217 90 127 133 139 115 122 1 >  - distancia: 6253.69 - carga: 192
Rota 12 : < 1 251 9 11 244 84 229 200 109 149 215 242 265 155 1 >  - distancia: 2636.72 - carga: 192
Rota 13 : < 1 163 132 7 151 247 270 185 48 209 63 29 189 147 177 253 218 1 >  - distancia: 3664.92 - carga: 192
Rota 14 : < 1 260 173 86 125 256 205 208 82 47 92 212 108 111 124 230 241 190 263 250 98 164 52 264 156 145 157 160 159 104 224 181 1 >  - distancia: 4624.1 - carga: 192
Rota 15 : < 1 54 81 23 64 117 226 68 278 88 257 56 80 51 236 34 41 119 135 165 171 93 91 1 >  - distancia: 3557.67 - carga: 192
Rota 16 : < 1 143 14 25 89 83 272 94 273 130 28 168 35 187 275 40 43 193 1 >  - distancia: 4396.51 - carga: 176
total - 58574.4
optimal_value: 33503
% acima: 74.8332%
Demorou  0 ms para ler o arquivo de entrada.
Rota 0 : < 1 90 10 234 254 58 189 29 248 37 184 76 71 64 115 165 101 171 39 95 75 45 110 187 1 >  - distancia: 4286.69 - carga: 192
Rota 1 : < 1 42 38 128 121 36 153 256 213 125 113 123 237 179 131 269 158 240 166 162 241 148 264 250 181 1 >  - distancia: 4088.82 - carga: 192
Rota 2 : < 1 51 2 25 89 143 141 192 238 94 43 40 118 102 275 155 1 >  - distancia: 4053.52 - carga: 179
Rota 3 : < 1 147 3 8 185 252 172 191 83 239 63 1 >  - distancia: 3079.99 - carga: 192
Rota 4 : < 1 232 174 210 11 233 207 30 177 54 204 242 251 199 224 277 52 55 157 70 134 197 1 >  - distancia: 3376.05 - carga: 192
Rota 5 : < 1 98 20 16 159 145 137 195 156 259 1 >  - distancia: 1119.03 - carga: 192
Rota 6 : < 1 26 18 188 136 112 267 274 78 132 163 108 193 173 111 212 106 99 33 69 164 217 211 1 >  - distancia: 3586.42 - carga: 192
Rota 7 : < 1 272 19 7 151 273 28 142 35 262 86 260 126 138 1 >  - distancia: 3052.71 - carga: 192
Rota 8 : < 1 57 276 22 17 186 82 208 205 92 47 124 230 221 27 268 194 1 >  - distancia: 3376.54 - carga: 192
Rota 9 : < 1 222 4 6 182 196 202 228 93 1 >  - distancia: 2287.37 - carga: 192
Rota 10 : < 1 225 236 59 34 60 280 146 271 74 65 46 235 80 220 169 170 116 87 253 214 219 79 103 77 32 190 265 61 154 127 206 139 122 72 73 120 1 >  - distancia: 7503.64 - carga: 184
Rota 11 : < 1 209 14 24 270 130 168 96 107 135 249 56 1 >  - distancia: 3395.6 - carga: 192
Rota 12 : < 1 50 119 23 68 88 117 278 257 223 247 48 105 226 140 178 49 180 41 279 66 144 91 1 >  - distancia: 3963.19 - carga: 182
Rota 13 : < 1 255 5 13 85 114 246 1 >  - distancia: 1718.41 - carga: 192
Rota 14 : < 1 245 9 150 227 175 53 218 258 31 167 44 133 97 215 203 263 201 129 149 1 >  - distancia: 3530.24 - carga: 192
Rota 15 : < 1 100 12 15 198 161 183 67 261 1 >  - distancia: 2763.16 - carga: 192
Rota 16 : < 1 160 21 216 152 84 229 200 244 81 231 266 109 176 243 104 62 1 >  - distancia: 2306.82 - carga: 192
total - 57488.2
optimal_value: 33503
% acima: 71.5912%
Demorou  0 ms para ler o arquivo de entrada.
Rota 0 : < 1 164 190 241 145 159 32 201 156 70 136 183 71 206 147 96 143 189 53 93 197 75 45 128 76 158 102 99 237 69 211 265 33 261 57 262 138 187 35 28 94 273 260 27 155 1 >  - distancia: 8040.64 - carga: 176
Rota 1 : < 1 254 2 141 89 185 172 191 252 223 239 88 257 225 59 222 66 1 >  - distancia: 3805.03 - carga: 192
Rota 2 : < 1 78 10 23 58 167 240 1 >  - distancia: 2062.91 - carga: 192
Rota 3 : < 1 151 7 24 272 83 1 >  - distancia: 2685.79 - carga: 192
Rota 4 : < 1 268 3 117 278 68 226 271 46 220 74 279 65 41 51 119 235 120 50 238 1 >  - distancia: 4190.13 - carga: 192
Rota 5 : < 1 61 16 20 195 55 160 98 148 1 >  - distancia: 1042.16 - carga: 192
Rota 6 : < 1 73 4 6 245 196 170 1 >  - distancia: 2771.92 - carga: 192
Rota 7 : < 1 182 5 227 13 85 26 91 1 >  - distancia: 2216.13 - carga: 192
Rota 8 : < 1 264 137 11 18 30 207 233 255 216 134 177 1 >  - distancia: 1806.85 - carga: 192
Rota 9 : < 1 168 19 270 130 247 48 209 140 107 29 249 64 105 56 112 165 258 135 72 80 236 34 60 146 178 49 180 280 115 122 139 127 181 1 >  - distancia: 5288.31 - carga: 192
Rota 10 : < 1 152 21 9 253 150 114 1 >  - distancia: 1721.17 - carga: 192
Rota 11 : < 1 84 244 81 54 175 31 188 218 169 228 87 103 77 116 144 202 79 101 204 39 274 133 97 267 44 67 251 171 231 214 246 219 1 >  - distancia: 4622.73 - carga: 177
Rota 12 : < 1 131 106 17 125 205 256 113 123 179 210 174 232 186 221 166 132 269 40 1 >  - distancia: 3250.69 - carga: 192
Rota 13 : < 1 43 234 121 38 37 142 42 276 153 36 110 163 108 193 92 173 47 111 124 230 86 82 213 208 212 100 126 184 275 118 1 >  - distancia: 5341.2 - carga: 192
Rota 14 : < 1 248 22 243 198 242 215 161 109 149 263 203 200 229 224 95 90 217 52 104 277 62 129 250 157 154 259 1 >  - distancia: 4158.79 - carga: 192
Rota 15 : < 1 192 8 14 25 63 1 >  - distancia: 3172.12 - carga: 192
Rota 16 : < 1 12 162 15 266 199 176 194 1 >  - distancia: 1856.31 - carga: 192
total - 58032.9
optimal_value: 33503
% acima: 73.217%
Demorou  0 ms para ler o arquivo de entrada.
Rota 0 : < 1 11 5 53 31 204 175 188 246 1 >  - distancia: 1923.97 - carga: 192
Rota 1 : < 1 18 23 64 226 119 258 225 80 120 1 >  - distancia: 2788.7 - carga: 192
Rota 2 : < 1 61 16 15 176 84 152 134 200 181 1 >  - distancia: 1742.94 - carga: 192
Rota 3 : < 1 239 8 140 172 257 117 271 135 235 59 170 101 228 218 165 251 39 267 44 139 122 99 127 211 268 69 45 57 102 206 40 1 >  - distancia: 5982.81 - carga: 192
Rota 4 : < 1 187 121 38 262 142 128 76 36 153 110 132 163 276 167 158 269 261 183 266 224 229 244 199 198 95 263 250 154 190 1 >  - distancia: 3778.4 - carga: 192
Rota 5 : < 1 19 24 272 270 247 83 48 209 68 46 279 103 77 26 91 1 >  - distancia: 3348.68 - carga: 192
Rota 6 : < 1 227 13 233 207 150 169 220 74 41 236 65 51 60 280 34 146 178 56 72 50 73 171 93 197 217 222 66 1 >  - distancia: 5129 - carga: 192
Rota 7 : < 1 278 10 42 234 29 254 96 189 147 58 249 115 151 130 273 28 141 192 238 180 49 63 138 1 >  - distancia: 4920.66 - carga: 162
Rota 8 : < 1 71 12 17 213 124 186 27 230 193 1 >  - distancia: 2895.77 - carga: 192
Rota 9 : < 1 143 2 14 88 107 1 >  - distancia: 2763.27 - carga: 192
Rota 10 : < 1 92 111 212 47 82 205 256 108 86 125 208 113 123 221 131 162 174 210 232 179 166 106 237 104 62 155 1 >  - distancia: 3628.59 - carga: 192
Rota 11 : < 1 79 6 9 30 81 54 136 242 97 194 1 >  - distancia: 2589.01 - carga: 192
Rota 12 : < 1 177 21 22 243 161 67 215 109 149 1 >  - distancia: 2209.42 - carga: 192
Rota 13 : < 1 203 20 201 137 195 32 98 241 264 55 145 159 148 70 129 156 277 75 90 265 1 >  - distancia: 3052.27 - carga: 192
Rota 14 : < 1 3 25 89 191 185 252 105 223 1 >  - distancia: 3187.56 - carga: 192
Rota 15 : < 1 133 112 274 240 78 7 168 248 37 184 100 126 173 260 35 94 43 118 275 33 164 157 160 259 144 1 >  - distancia: 5210.43 - carga: 192
Rota 16 : < 1 114 253 4 245 116 196 182 202 87 85 216 214 255 219 231 52 1 >  - distancia: 2842.43 - carga: 191
total - 57993.9
optimal_value: 33503
% acima: 73.1006%
Demorou  3 ms para ler o arquivo de entrada.
Rota 0 : < 1 196 4 245 116 79 114 246 202 175 218 267 274 261 206 147 94 96 178 180 238 63 1 >  - distancia: 4548.72 - carga: 190
Rota 1 : < 1 251 242 14 185 252 140 172 223 107 278 239 146 56 72 50 249 115 97 32 157 154 160 156 1 >  - distancia: 3662.97 - carga: 192
Rota 2 : < 1 205 17 16 98 241 159 145 52 265 1 >  - distancia: 2301.47 - carga: 192
Rota 3 : < 1 2 25 89 143 141 192 48 130 272 28 35 187 260 126 138 275 43 122 1 >  - distancia: 4101.12 - carga: 185
Rota 4 : < 1 189 23 29 58 234 42 118 71 121 163 110 36 153 132 112 276 102 45 1 >  - distancia: 3370.68 - carga: 192
Rota 5 : < 1 259 9 18 207 177 30 244 200 84 229 1 >  - distancia: 1699.35 - carga: 192
Rota 6 : < 1 31 136 204 6 182 66 148 61 250 190 69 237 33 268 127 39 171 214 231 164 62 181 219 91 26 144 222 1 >  - distancia: 6488.93 - carga: 171
Rota 7 : < 1 70 20 22 90 210 179 174 232 166 113 106 155 1 >  - distancia: 2036.94 - carga: 192
Rota 8 : < 1 67 183 161 199 176 215 198 266 109 211 149 224 243 123 162 186 82 100 142 262 86 128 76 37 184 38 151 168 273 240 1 >  - distancia: 4365.23 - carga: 192
Rota 9 : < 1 254 19 270 191 83 247 209 88 257 117 119 135 78 158 269 131 213 221 27 99 95 55 1 >  - distancia: 3689.72 - carga: 192
Rota 10 : < 1 40 24 7 248 57 1 >  - distancia: 2319.19 - carga: 192
Rota 11 : < 1 134 11 21 129 201 264 137 195 1 >  - distancia: 1233.43 - carga: 191
Rota 12 : < 1 150 5 227 253 169 188 81 233 216 255 152 203 263 277 1 >  - distancia: 2298.94 - carga: 192
Rota 13 : < 1 228 10 64 68 226 271 258 220 65 225 236 74 41 101 165 53 93 54 197 1 >  - distancia: 3634.62 - carga: 192
Rota 14 : < 1 139 12 256 125 108 47 92 111 212 173 208 193 124 230 75 194 1 >  - distancia: 3416.82 - carga: 192
Rota 15 : < 1 217 15 13 85 87 103 77 170 279 46 167 44 133 1 >  - distancia: 3013.12 - carga: 192
Rota 16 : < 1 49 3 8 105 59 280 80 51 235 34 60 120 73 104 1 >  - distancia: 3736.95 - carga: 192
total - 55918.2
optimal_value: 33503
% acima: 66.905%
Demorou  0 ms para ler o arquivo de entrada.
Rota 0 : < 1 177 5 188 10 118 1 >  - distancia: 2279.25 - carga: 192
Rota 1 : < 1 221 106 123 179 174 210 69 104 98 159 157 160 70 129 134 30 214 54 231 199 127 263 145 52 149 90 277 250 181 164 211 33 232 27 99 268 190 1 >  - distancia: 5210.99 - carga: 192
Rota 2 : < 1 158 7 37 19 270 130 191 83 63 238 1 >  - distancia: 3025.34 - carga: 192
Rota 3 : < 1 136 15 20 137 264 32 148 201 152 219 144 66 1 >  - distancia: 3379.79 - carga: 192
Rota 4 : < 1 55 16 241 11 229 244 216 91 1 >  - distancia: 1826.88 - carga: 192
Rota 5 : < 1 56 117 3 107 140 146 105 225 120 59 65 236 74 41 119 226 72 50 73 1 >  - distancia: 3565.75 - carga: 192
Rota 6 : < 1 206 24 8 172 141 192 209 64 44 251 171 67 274 39 97 45 1 >  - distancia: 4027 - carga: 191
Rota 7 : < 1 48 247 2 143 25 89 185 252 239 1 >  - distancia: 2999.16 - carga: 192
Rota 8 : < 1 36 23 14 88 278 29 249 1 >  - distancia: 2672.39 - carga: 192
Rota 9 : < 1 125 208 205 213 82 47 92 212 111 173 100 126 276 102 132 57 262 76 42 40 184 128 35 187 151 168 273 272 189 135 115 122 124 61 62 195 156 154 259 77 26 279 222 1 >  - distancia: 7482.26 - carga: 192
Rota 10 : < 1 165 258 101 218 46 271 68 147 254 58 167 112 242 204 215 166 269 198 266 95 176 267 161 31 53 183 1 >  - distancia: 4748.29 - carga: 192
Rota 11 : < 1 133 18 13 150 207 255 233 253 227 197 1 >  - distancia: 2525.11 - carga: 192
Rota 12 : < 1 139 240 78 6 170 220 51 280 60 34 80 235 223 257 178 49 180 96 94 28 275 138 260 193 230 155 265 1 >  - distancia: 5000.67 - carga: 162
Rota 13 : < 1 75 12 162 22 217 243 224 109 194 1 >  - distancia: 1975.51 - carga: 192
Rota 14 : < 1 200 203 84 4 245 79 116 182 103 196 202 169 228 175 93 1 >  - distancia: 2624.3 - carga: 192
Rota 15 : < 1 17 113 131 237 256 186 108 86 38 142 121 248 234 43 71 153 163 110 261 1 >  - distancia: 3242.16 - carga: 192
Rota 16 : < 1 81 21 9 85 87 114 246 1 >  - distancia: 2078.36 - carga: 192
total - 58663.2
optimal_value: 33503
% acima: 75.0984%
Demorou  0 ms para ler o arquivo de entrada.
Rota 0 : < 1 27 17 131 179 166 33 277 190 263 152 219 114 116 245 79 202 170 222 65 41 59 146 280 1 >  - distancia: 4307.4 - carga: 192
Rota 1 : < 1 21 9 253 227 188 101 218 1 >  - distancia: 1785.73 - carga: 192
Rota 2 : < 1 264 20 16 104 241 98 1 >  - distancia: 734.973 - carga: 192
Rota 3 : < 1 82 125 205 186 221 113 123 237 106 232 69 243 200 203 201 137 70 129 156 195 32 148 55 164 62 90 265 149 52 159 250 160 1 >  - distancia: 3882.6 - carga: 192
Rota 4 : < 1 143 14 19 270 130 151 88 223 235 80 236 34 73 50 1 >  - distancia: 3859.02 - carga: 192
Rota 5 : < 1 228 169 18 150 11 81 177 30 207 214 91 77 1 >  - distancia: 2657.32 - carga: 192
Rota 6 : < 1 45 163 276 153 36 142 38 121 248 128 100 86 208 193 132 110 99 158 261 102 44 133 75 29 147 107 51 120 60 178 83 48 63 94 168 275 273 28 1 >  - distancia: 6042.14 - carga: 184
Rota 7 : < 1 105 7 8 172 252 140 238 192 1 >  - distancia: 3548.12 - carga: 192
Rota 8 : < 1 269 22 15 198 176 199 215 112 161 183 267 97 67 274 194 1 >  - distancia: 2482.46 - carga: 192
Rota 9 : < 1 23 24 272 254 234 58 189 96 239 1 >  - distancia: 2935.07 - carga: 192
Rota 10 : < 1 256 10 167 240 78 71 42 37 184 108 173 92 47 212 124 230 1 >  - distancia: 3160.81 - carga: 191
Rota 11 : < 1 206 2 25 247 191 185 209 89 141 1 >  - distancia: 3352.33 - carga: 192
Rota 12 : < 1 61 109 224 266 229 244 242 136 165 46 74 220 225 258 175 233 216 134 255 54 231 251 95 127 268 217 211 157 181 154 259 246 279 171 93 197 1 >  - distancia: 5774.53 - carga: 189
Rota 13 : < 1 68 3 119 117 278 56 226 257 271 135 64 115 204 53 31 39 139 122 1 >  - distancia: 3544.24 - carga: 192
Rota 14 : < 1 145 12 162 174 210 155 213 111 260 76 57 262 35 126 138 187 118 40 43 249 49 180 1 >  - distancia: 4124.33 - carga: 173
Rota 15 : < 1 72 6 4 182 196 103 144 66 1 >  - distancia: 2820.9 - carga: 192
Rota 16 : < 1 84 5 13 85 87 26 1 >  - distancia: 1689.62 - carga: 192
total - 56701.6
optimal_value: 33503
% acima: 69.2433%
Demorou  0 ms para ler o arquivo de entrada.
Rota 0 : < 1 90 2 191 185 172 140 117 225 120 280 34 60 41 73 50 133 102 127 194 230 187 1 >  - distancia: 5251.84 - carga: 181
Rota 1 : < 1 275 14 7 37 40 1 >  - distancia: 2703.57 - carga: 192
Rota 2 : < 1 210 232 123 179 221 113 99 276 167 240 71 128 38 153 110 158 261 256 162 92 212 173 111 106 268 277 62 154 1 >  - distancia: 4244.87 - carga: 192
Rota 3 : < 1 45 163 269 112 136 165 101 258 220 65 51 74 59 236 235 80 46 64 249 147 135 209 63 48 142 100 57 76 151 273 42 118 43 96 56 72 178 180 49 115 122 1 >  - distancia: 6395.52 - carga: 191
Rota 4 : < 1 264 20 195 15 161 183 267 97 67 242 251 31 171 39 1 >  - distancia: 2062.63 - carga: 192
Rota 5 : < 1 98 13 4 196 202 279 1 >  - distancia: 2444.02 - carga: 192
Rota 6 : < 1 239 25 19 270 247 83 143 141 89 192 94 168 130 28 35 260 193 149 181 160 259 91 1 >  - distancia: 5084.59 - carga: 173
Rota 7 : < 1 26 21 11 30 207 81 188 218 211 1 >  - distancia: 2657.33 - carga: 192
Rota 8 : < 1 10 8 252 223 88 257 119 146 105 107 238 1 >  - distancia: 3348.31 - carga: 192
Rota 9 : < 1 61 263 250 52 201 156 55 157 137 148 32 145 159 129 152 134 216 214 85 114 245 87 77 79 253 246 53 93 54 197 231 70 1 >  - distancia: 3817.43 - carga: 192
Rota 10 : < 1 5 18 227 175 169 170 222 66 144 1 >  - distancia: 2284.04 - carga: 192
Rota 11 : < 1 108 12 17 125 205 126 262 1 >  - distancia: 2591.83 - carga: 192
Rota 12 : < 1 139 23 24 272 234 78 44 274 75 33 265 1 >  - distancia: 2569.89 - carga: 192
Rota 13 : < 1 271 3 278 226 68 58 29 189 254 248 121 184 36 132 206 138 1 >  - distancia: 3382.05 - carga: 192
Rota 14 : < 1 174 22 16 104 241 164 190 109 217 1 >  - distancia: 1646.66 - carga: 192
Rota 15 : < 1 204 177 84 244 229 200 203 224 176 215 198 199 266 243 95 186 213 124 82 166 237 208 86 47 131 27 69 155 1 >  - distancia: 4371.79 - carga: 192
Rota 16 : < 1 228 9 6 182 116 103 150 233 255 219 1 >  - distancia: 2436.66 - carga: 192
total - 57293
optimal_value: 33503
% acima: 71.0087%
Demorou  0 ms para ler o arquivo de entrada.
Rota 0 : < 1 194 22 90 69 106 131 213 256 110 163 269 158 261 67 44 176 200 263 181 52 149 243 95 250 154 70 259 1 >  - distancia: 3187.17 - carga: 189
Rota 1 : < 1 277 16 20 195 264 201 156 1 >  - distancia: 1020.33 - carga: 190
Rota 2 : < 1 80 2 89 25 143 185 191 83 272 63 1 >  - distancia: 3244.24 - carga: 192
Rota 3 : < 1 224 109 211 9 227 150 188 175 53 136 112 267 240 58 147 29 68 64 1 >  - distancia: 2984.19 - carga: 192
Rota 4 : < 1 98 145 10 276 153 128 184 76 100 86 124 208 193 212 92 111 260 138 118 43 130 238 1 >  - distancia: 4667.75 - carga: 185
Rota 5 : < 1 47 173 17 125 205 82 108 36 248 38 37 151 254 88 209 257 107 239 96 42 1 >  - distancia: 4179.66 - carga: 192
Rota 6 : < 1 113 12 186 162 174 237 123 210 232 33 71 57 142 262 187 35 126 1 >  - distancia: 3296.64 - carga: 192
Rota 7 : < 1 21 13 85 253 114 26 1 >  - distancia: 1527.59 - carga: 191
Rota 8 : < 1 78 167 3 223 172 252 117 271 235 74 220 46 101 218 1 >  - distancia: 3087.88 - carga: 192
Rota 9 : < 1 182 6 4 116 79 144 1 >  - distancia: 2109.02 - carga: 192
Rota 10 : < 1 45 132 19 270 8 140 105 146 278 247 48 141 192 65 56 41 222 66 1 >  - distancia: 4685.94 - carga: 186
Rota 11 : < 1 14 23 226 119 225 120 73 1 >  - distancia: 2629.28 - carga: 192
Rota 12 : < 1 49 24 7 121 275 1 >  - distancia: 2798.95 - carga: 192
Rota 13 : < 1 217 5 18 177 54 244 84 219 1 >  - distancia: 1754.54 - carga: 192
Rota 14 : < 1 161 11 81 30 207 233 229 129 55 157 148 137 160 32 190 164 61 62 265 214 91 93 122 1 >  - distancia: 4412.96 - carga: 181
Rota 15 : < 1 251 15 266 215 199 183 97 274 31 165 169 170 196 245 103 77 246 216 134 203 231 197 171 39 135 72 50 180 1 >  - distancia: 4924.39 - carga: 192
Rota 16 : < 1 159 241 104 179 221 166 99 75 198 242 204 152 255 87 202 279 280 60 258 59 34 178 51 236 228 234 40 168 28 273 94 189 115 249 206 102 139 133 127 268 27 230 155 1 >  - distancia: 6928.95 - carga: 191
total - 57439.5
optimal_value: 33503
% acima: 71.4457%
Demorou  0 ms para ler o arquivo de entrada.
Rota 0 : < 1 164 190 104 241 98 277 243 95 167 206 71 240 139 165 44 110 92 173 47 111 208 86 193 124 213 27 232 269 57 45 99 69 52 217 250 1 >  - distancia: 5196.19 - carga: 192
Rota 1 : < 1 202 9 13 30 233 227 175 53 54 1 >  - distancia: 2146.19 - carga: 192
Rota 2 : < 1 82 17 125 205 186 113 106 179 221 237 166 75 276 142 35 262 100 163 108 1 >  - distancia: 3396.24 - carga: 192
Rota 3 : < 1 26 114 169 228 74 225 146 105 117 88 254 96 278 257 226 119 80 236 258 46 218 101 81 197 177 231 200 263 194 1 >  - distancia: 3753.36 - carga: 192
Rota 4 : < 1 279 6 18 150 85 87 253 188 207 93 1 >  - distancia: 2762.72 - carga: 192
Rota 5 : < 1 4 245 116 182 170 246 255 70 145 148 159 149 181 61 195 154 157 251 39 133 1 >  - distancia: 4599.31 - carga: 192
Rota 6 : < 1 79 103 11 244 152 21 216 214 91 180 1 >  - distancia: 3670.92 - carga: 192
Rota 7 : < 1 50 3 8 252 185 48 209 63 189 158 261 174 155 265 1 >  - distancia: 3008.21 - carga: 192
Rota 8 : < 1 196 5 16 62 1 >  - distancia: 2129.48 - carga: 192
Rota 9 : < 1 234 2 143 247 191 83 239 141 192 238 212 33 127 97 102 268 134 160 1 >  - distancia: 4876.43 - carga: 162
Rota 10 : < 1 183 10 25 89 172 140 223 107 178 49 235 135 249 1 >  - distancia: 3104.46 - carga: 192
Rota 11 : < 1 29 23 19 270 130 59 51 280 120 60 41 73 65 222 34 77 144 66 171 122 118 230 1 >  - distancia: 5711.82 - carga: 191
Rota 12 : < 1 132 7 248 37 121 184 42 78 58 68 147 64 271 72 56 1 >  - distancia: 3271.89 - carga: 192
Rota 13 : < 1 204 136 31 112 274 267 15 176 215 242 67 198 266 224 161 109 211 229 84 219 1 >  - distancia: 2715.51 - carga: 192
Rota 14 : < 1 199 22 20 137 55 32 264 129 203 201 156 259 1 >  - distancia: 1922.25 - carga: 192
Rota 15 : < 1 90 12 162 210 131 123 256 36 153 128 76 38 275 126 187 138 260 1 >  - distancia: 3140.38 - carga: 192
Rota 16 : < 1 220 14 24 272 151 273 28 168 94 43 40 115 1 >  - distancia: 3133.33 - carga: 192
total - 58538.7
optimal_value: 33503
% acima: 74.7267%
Demorou  0 ms para ler o arquivo de entrada.
Rota 0 : < 1 259 21 216 244 204 251 215 84 200 129 70 201 55 190 52 211 250 157 1 >  - distancia: 2438.72 - carga: 191
Rota 1 : < 1 181 20 137 12 162 221 1 >  - distancia: 1759.29 - carga: 191
Rota 2 : < 1 107 14 2 143 141 192 130 1 >  - distancia: 2985.15 - carga: 192
Rota 3 : < 1 207 13 85 4 182 66 1 >  - distancia: 2098.97 - carga: 192
Rota 4 : < 1 187 142 121 128 38 37 248 234 43 71 42 206 132 153 36 138 126 212 111 124 256 86 163 110 166 69 131 75 243 95 127 1 >  - distancia: 4506.88 - carga: 192
Rota 5 : < 1 89 25 19 270 191 247 209 83 223 272 151 28 100 92 260 173 193 1 >  - distancia: 4081.68 - carga: 192
Rota 6 : < 1 29 24 8 172 238 180 49 249 94 273 57 45 268 102 33 27 230 262 35 76 275 118 40 48 63 1 >  - distancia: 5811.63 - carga: 189
Rota 7 : < 1 189 10 7 168 184 1 >  - distancia: 2447.39 - carga: 192
Rota 8 : < 1 53 18 5 177 54 229 203 154 194 1 >  - distancia: 2129.05 - carga: 192
Rota 9 : < 1 134 15 242 198 183 267 97 67 161 199 176 266 224 149 61 32 195 148 264 145 241 265 1 >  - distancia: 2567.12 - carga: 192
Rota 10 : < 1 139 3 140 252 185 239 257 88 254 58 68 147 105 278 178 80 72 115 122 1 >  - distancia: 3705.33 - carga: 192
Rota 11 : < 1 144 6 9 227 150 188 218 101 31 171 93 1 >  - distancia: 2619.21 - carga: 192
Rota 12 : < 1 99 17 213 82 108 186 125 208 47 205 113 123 106 232 174 210 179 237 155 1 >  - distancia: 2772.9 - carga: 192
Rota 13 : < 1 169 16 22 90 109 277 164 104 98 1 >  - distancia: 2417.84 - carga: 191
Rota 14 : < 1 73 23 64 271 235 119 225 51 34 59 60 74 41 65 236 146 226 117 56 135 50 1 >  - distancia: 3607.08 - carga: 192
Rota 15 : < 1 175 11 81 233 30 114 253 246 202 196 116 103 245 79 87 77 152 263 160 1 >  - distancia: 3024.83 - carga: 192
Rota 16 : < 1 269 158 261 167 276 78 240 112 133 274 136 165 46 258 220 228 170 279 280 120 96 44 39 231 255 214 156 217 62 159 219 197 91 26 222 1 >  - distancia: 6651.63 - carga: 167
total - 55624.7
optimal_value: 33503
% acima: 66.029%
Demorou  0 ms para ler o arquivo de entrada.
Rota 0 : < 1 33 24 191 185 172 141 143 192 107 249 100 110 206 45 76 275 35 126 138 187 94 168 273 130 40 118 238 180 1 >  - distancia: 6395.38 - carga: 167
Rota 1 : < 1 165 23 68 117 278 257 105 226 119 235 80 74 65 220 46 271 72 1 >  - distancia: 3068.06 - carga: 192
Rota 2 : < 1 131 22 17 186 124 205 111 173 86 92 212 47 193 1 >  - distancia: 2977.49 - carga: 191
Rota 3 : < 1 260 12 162 113 106 123 174 232 179 210 69 237 221 213 230 27 155 1 >  - distancia: 3012.19 - carga: 192
Rota 4 : < 1 70 20 32 195 55 145 104 98 201 148 264 159 263 134 216 219 31 150 246 231 1 >  - distancia: 3350.58 - carga: 192
Rota 5 : < 1 121 2 25 89 83 48 239 223 209 96 151 28 1 >  - distancia: 3539.71 - carga: 192
Rota 6 : < 1 51 3 8 252 140 178 280 34 236 73 120 135 56 272 63 1 >  - distancia: 3852.84 - carga: 192
Rota 7 : < 1 208 108 125 256 163 132 36 38 37 184 142 262 128 42 153 248 234 225 59 60 41 245 116 196 218 50 1 >  - distancia: 4920.45 - carga: 192
Rota 8 : < 1 114 4 6 79 103 144 1 >  - distancia: 2174.87 - carga: 191
Rota 9 : < 1 233 18 13 85 253 30 207 214 255 1 >  - distancia: 1575.16 - carga: 192
Rota 10 : < 1 93 11 14 88 29 189 147 64 115 146 49 258 1 >  - distancia: 3303.94 - carga: 192
Rota 11 : < 1 259 16 241 277 190 52 137 160 157 250 181 149 164 90 217 203 87 77 26 202 279 66 211 62 265 127 261 194 156 1 >  - distancia: 4654.88 - carga: 188
Rota 12 : < 1 129 9 188 175 227 81 54 136 204 251 244 84 152 229 200 198 97 1 >  - distancia: 2587.82 - carga: 192
Rota 13 : < 1 269 15 19 270 247 254 58 71 57 167 78 240 139 44 1 >  - distancia: 3228.05 - carga: 192
Rota 14 : < 1 154 21 5 177 197 91 1 >  - distancia: 1659.32 - carga: 192
Rota 15 : < 1 61 109 224 176 161 199 215 266 243 95 166 99 276 102 242 112 133 267 158 75 268 183 67 274 39 101 170 222 228 169 182 53 171 122 1 >  - distancia: 4447.44 - carga: 192
Rota 16 : < 1 82 10 7 43 1 >  - distancia: 2586.63 - carga: 192
total - 57334.8
optimal_value: 33503
% acima: 71.1333%
Demorou  0 ms para ler o arquivo de entrada.
Rota 0 : < 1 55 16 20 32 137 159 160 154 155 1 >  - distancia: 1671.44 - carga: 192
Rota 1 : < 1 39 3 8 146 105 178 49 223 254 96 209 83 48 239 1 >  - distancia: 3447.09 - carga: 192
Rota 2 : < 1 106 221 17 82 108 208 193 173 92 111 47 205 256 132 153 248 142 262 184 76 35 1 >  - distancia: 3310.52 - carga: 192
Rota 3 : < 1 165 46 101 227 85 114 182 245 196 202 87 77 207 255 219 214 216 231 134 70 259 59 120 60 280 180 50 94 168 28 130 63 238 133 261 187 230 1 >  - distancia: 7699.74 - carga: 163
Rota 4 : < 1 4 6 116 79 103 144 66 1 >  - distancia: 2351.33 - carga: 192
Rota 5 : < 1 189 10 22 90 241 98 145 157 104 176 95 127 194 1 >  - distancia: 3189.76 - carga: 192
Rota 6 : < 1 107 25 19 151 270 191 185 89 143 141 192 88 29 249 115 135 56 147 43 1 >  - distancia: 3996.39 - carga: 192
Rota 7 : < 1 243 7 24 272 273 275 1 >  - distancia: 2478.61 - carga: 192
Rota 8 : < 1 210 174 232 179 69 237 113 125 123 269 158 163 276 45 110 186 213 212 124 86 260 100 126 37 71 206 102 139 122 53 93 170 222 1 >  - distancia: 4996.01 - carga: 191
Rota 9 : < 1 118 23 12 162 27 99 1 >  - distancia: 2710.68 - carga: 192
Rota 10 : < 1 244 18 13 30 233 253 150 246 26 91 1 >  - distancia: 1994.01 - carga: 192
Rota 11 : < 1 140 2 172 252 278 117 119 225 258 220 65 236 74 1 >  - distancia: 3413.19 - carga: 191
Rota 12 : < 1 136 31 251 229 152 200 203 129 156 148 264 201 263 149 61 250 190 62 36 42 166 131 33 268 75 97 274 218 228 279 41 51 34 73 1 >  - distancia: 5446.05 - carga: 192
Rota 13 : < 1 169 5 188 204 242 112 267 67 161 183 78 167 240 44 40 1 >  - distancia: 3101 - carga: 192
Rota 14 : < 1 195 21 9 81 54 177 197 175 171 1 >  - distancia: 1828.75 - carga: 192
Rota 15 : < 1 247 14 257 58 68 226 235 80 271 72 64 234 38 121 128 57 138 1 >  - distancia: 3733.11 - carga: 192
Rota 16 : < 1 84 11 15 198 199 215 109 277 217 211 266 224 164 52 181 265 1 >  - distancia: 2295.47 - carga: 192
total - 57663.2
optimal_value: 33503
% acima: 72.1134%
Demorou  0 ms para ler o arquivo de entrada.
Rota 0 : < 1 269 158 261 24 19 270 130 151 37 168 42 76 184 262 35 187 1 >  - distancia: 2975.6 - carga: 192
Rota 1 : < 1 257 117 278 8 140 185 83 191 89 172 252 223 105 146 119 50 72 46 31 267 194 1 >  - distancia: 3455.66 - carga: 192
Rota 2 : < 1 23 58 64 115 226 271 235 258 225 80 236 51 59 280 34 220 65 279 68 147 43 1 >  - distancia: 3895.5 - carga: 192
Rota 3 : < 1 47 17 186 162 125 113 131 166 199 67 112 240 29 189 234 254 88 209 63 273 1 >  - distancia: 4185.96 - carga: 192
Rota 4 : < 1 229 11 5 227 169 188 53 93 1 >  - distancia: 1718.86 - carga: 192
Rota 5 : < 1 181 15 198 16 159 264 201 148 1 >  - distancia: 1445.5 - carga: 191
Rota 6 : < 1 142 121 38 128 100 153 82 173 111 92 208 210 155 232 221 174 213 86 212 36 126 106 237 75 45 224 127 99 33 27 260 193 138 275 40 122 1 >  - distancia: 7263.46 - carga: 192
Rota 7 : < 1 101 218 175 22 20 32 145 55 137 241 104 164 1 >  - distancia: 2557.44 - carga: 192
Rota 8 : < 1 245 13 18 30 233 207 85 246 202 1 >  - distancia: 2654.27 - carga: 192
Rota 9 : < 1 61 52 149 263 109 277 176 215 204 81 231 84 177 150 244 54 197 242 39 97 266 95 217 243 161 183 274 167 248 118 71 57 1 >  - distancia: 4391.57 - carga: 192
Rota 10 : < 1 114 9 6 196 79 77 26 91 1 >  - distancia: 2222.17 - carga: 171
Rota 11 : < 1 238 25 14 247 48 143 178 107 96 272 94 206 102 133 268 62 195 156 154 160 259 1 >  - distancia: 4449 - carga: 190
Rota 12 : < 1 87 253 21 152 203 129 70 134 216 214 255 219 200 211 90 265 250 98 190 157 1 >  - distancia: 3281.94 - carga: 191
Rota 13 : < 1 28 7 3 49 180 1 >  - distancia: 2890.41 - carga: 192
Rota 14 : < 1 165 136 4 182 103 116 144 170 228 74 41 60 120 135 44 139 249 251 171 56 73 222 66 1 >  - distancia: 5352.99 - carga: 187
Rota 15 : < 1 78 10 2 141 192 239 1 >  - distancia: 2706.33 - carga: 191
Rota 16 : < 1 230 12 124 108 205 256 276 132 110 163 179 69 123 1 >  - distancia: 2662.74 - carga: 192
total - 58109.4
optimal_value: 33503
% acima: 73.4453%
Demorou  0 ms para ler o arquivo de entrada.
Rota 0 : < 1 16 22 109 52 61 241 98 129 156 1 >  - distancia: 1364.34 - carga: 192
Rota 1 : < 1 247 7 248 42 38 36 110 125 213 205 163 179 1 >  - distancia: 3271.18 - carga: 192
Rota 2 : < 1 189 10 24 272 151 273 153 128 1 >  - distancia: 2907.91 - carga: 192
Rota 3 : < 1 231 21 11 229 152 134 84 244 1 >  - distancia: 1816.35 - carga: 192
Rota 4 : < 1 243 5 175 188 150 253 114 169 170 228 101 46 136 67 194 1 >  - distancia: 2657.31 - carga: 192
Rota 5 : < 1 147 23 8 172 252 140 185 223 209 63 257 72 50 222 1 >  - distancia: 3252.54 - carga: 192
Rota 6 : < 1 224 3 107 88 278 226 105 271 135 258 165 31 227 218 65 220 1 >  - distancia: 3517.93 - carga: 192
Rota 7 : < 1 154 201 264 32 157 104 174 69 210 232 112 161 267 39 97 108 86 47 212 111 92 100 142 35 262 184 76 57 102 261 211 217 265 268 127 27 230 193 155 1 >  - distancia: 5563 - carga: 190
Rota 8 : < 1 60 4 6 196 182 279 246 1 >  - distancia: 2812.37 - carga: 192
Rota 9 : < 1 159 148 137 55 145 203 266 242 207 255 214 216 219 200 277 215 149 190 62 164 263 181 90 33 95 237 75 45 274 133 139 44 115 122 250 160 259 1 >  - distancia: 5146.33 - carga: 164
Rota 10 : < 1 162 17 208 82 256 113 123 106 131 166 99 132 71 206 29 117 225 119 1 >  - distancia: 3406.33 - carga: 192
Rota 11 : < 1 68 14 19 270 130 146 56 96 249 141 192 238 94 168 28 275 40 43 171 93 91 26 1 >  - distancia: 5219.35 - carga: 191
Rota 12 : < 1 195 20 12 124 186 221 1 >  - distancia: 1582.73 - carga: 192
Rota 13 : < 1 70 13 85 116 87 103 77 245 79 74 41 80 59 34 280 235 51 73 120 236 202 66 144 1 >  - distancia: 4062.19 - carga: 192
Rota 14 : < 1 254 2 143 89 25 191 83 48 239 178 49 180 1 >  - distancia: 3061.37 - carga: 192
Rota 15 : < 1 204 9 18 30 233 81 177 54 197 53 251 1 >  - distancia: 1905.16 - carga: 192
Rota 16 : < 1 199 15 176 198 183 269 158 276 78 240 167 64 58 234 121 37 173 260 126 187 138 118 1 >  - distancia: 3595 - carga: 192
total - 55141.4
optimal_value: 33503
% acima: 64.5864%
Demorou  0 ms para ler o arquivo de entrada.
Rota 0 : < 1 32 12 174 232 210 162 131 106 205 208 108 193 124 230 27 155 1 >  - distancia: 2310.24 - carga: 192
Rota 1 : < 1 69 22 15 176 198 215 242 251 267 112 133 132 36 138 269 1 >  - distancia: 2563.45 - carga: 192
Rota 2 : < 1 252 25 19 8 140 172 238 1 >  - distancia: 3357.54 - carga: 192
Rota 3 : < 1 173 24 2 141 143 1 >  - distancia: 3142.64 - carga: 192
Rota 4 : < 1 261 158 163 153 142 35 121 37 234 29 78 31 67 161 183 97 274 64 254 147 239 209 189 272 151 100 184 168 28 270 130 273 76 57 126 187 275 118 40 43 1 >  - distancia: 6273.19 - carga: 187
Rota 5 : < 1 54 13 9 150 87 114 116 103 144 66 1 >  - distancia: 2398.4 - carga: 192
Rota 6 : < 1 59 74 220 65 225 235 271 119 146 178 278 88 226 117 68 257 247 48 105 236 73 80 34 280 60 120 180 49 63 192 1 >  - distancia: 5347.94 - carga: 166
Rota 7 : < 1 266 11 244 84 81 204 227 175 136 165 218 46 258 135 115 72 50 96 39 263 62 265 127 171 93 197 219 91 26 222 1 >  - distancia: 5748.53 - carga: 192
Rota 8 : < 1 128 17 14 185 89 83 191 223 107 56 1 >  - distancia: 3643.08 - carga: 192
Rota 9 : < 1 156 21 18 30 177 229 200 259 1 >  - distancia: 1425.03 - carga: 192
Rota 10 : < 1 148 20 195 55 160 201 129 264 159 137 145 157 152 233 207 214 169 101 53 1 >  - distancia: 2579.27 - carga: 192
Rota 11 : < 1 4 5 188 1 >  - distancia: 2128.44 - carga: 192
Rota 12 : < 1 268 166 123 179 221 186 113 99 276 71 42 248 38 262 256 125 213 82 92 47 212 111 86 260 110 33 45 206 102 139 1 >  - distancia: 4547.31 - carga: 192
Rota 13 : < 1 253 6 196 182 245 79 77 85 170 279 41 228 202 246 216 134 255 70 250 90 237 52 231 1 >  - distancia: 4949.89 - carga: 192
Rota 14 : < 1 94 10 23 249 58 167 240 44 122 1 >  - distancia: 2628.18 - carga: 192
Rota 15 : < 1 75 16 98 241 104 164 190 243 211 199 194 109 149 61 277 217 95 224 203 154 181 1 >  - distancia: 2754.96 - carga: 192
Rota 16 : < 1 51 3 7 1 >  - distancia: 2715.34 - carga: 192
total - 58513.4
optimal_value: 33503
% acima: 74.6513%
Demorou  0 ms para ler o arquivo de entrada.
Rota 0 : < 1 35 36 153 125 205 108 82 92 212 47 173 86 208 121 71 128 76 262 184 151 273 28 83 48 63 178 49 72 50 73 171 66 144 1 >  - distancia: 5702.02 - carga: 165
Rota 1 : < 1 32 16 104 241 179 232 69 237 256 110 276 57 100 142 78 139 122 1 >  - distancia: 2716.5 - carga: 192
Rota 2 : < 1 156 20 21 216 84 229 200 195 1 >  - distancia: 1317.97 - carga: 192
Rota 3 : < 1 137 264 55 22 277 190 109 149 52 148 159 98 157 145 210 155 213 111 124 230 27 99 127 268 33 61 154 62 265 259 1 >  - distancia: 4200.26 - carga: 191
Rota 4 : < 1 274 4 245 116 103 79 196 253 114 87 150 207 244 91 1 >  - distancia: 3029.7 - carga: 192
Rota 5 : < 1 96 7 3 238 1 >  - distancia: 2883.89 - carga: 192
Rota 6 : < 1 247 191 2 19 270 130 38 37 168 1 >  - distancia: 3090.37 - carga: 192
Rota 7 : < 1 60 6 182 202 170 74 65 225 51 280 59 146 223 107 239 209 58 234 44 133 206 94 126 138 187 260 193 275 192 1 >  - distancia: 6600.77 - carga: 189
Rota 8 : < 1 45 10 24 272 254 248 42 118 40 1 >  - distancia: 2559.94 - carga: 192
Rota 9 : < 1 185 14 23 29 147 189 88 180 1 >  - distancia: 3075.92 - carga: 192
Rota 10 : < 1 105 8 140 172 252 257 68 119 117 278 235 271 258 165 101 53 54 231 169 279 1 >  - distancia: 4120.91 - carga: 192
Rota 11 : < 1 18 9 11 197 93 1 >  - distancia: 1619.08 - carga: 192
Rota 12 : < 1 70 201 129 152 177 81 175 85 233 30 214 255 134 203 181 263 164 90 269 64 249 115 56 46 135 220 222 41 34 228 246 77 26 250 160 1 >  - distancia: 5095.33 - carga: 192
Rota 13 : < 1 219 13 5 227 188 218 1 >  - distancia: 1803.14 - carga: 192
Rota 14 : < 1 43 17 186 221 123 131 162 25 89 143 141 226 80 236 120 1 >  - distancia: 4233.1 - carga: 192
Rota 15 : < 1 174 12 113 106 166 161 112 167 158 261 102 163 132 1 >  - distancia: 2399.51 - carga: 192
Rota 16 : < 1 240 15 266 242 31 136 204 251 176 67 267 39 198 215 95 199 183 97 75 224 243 211 217 194 1 >  - distancia: 3524.33 - carga: 192
total - 57972.7
optimal_value: 33503
% acima: 73.0374%
Demorou  0 ms para ler o arquivo de entrada.
Rota 0 : < 1 116 6 196 170 46 225 119 271 226 257 56 146 117 68 234 43 270 1 >  - distancia: 4018.01 - carga: 192
Rota 1 : < 1 222 4 245 182 79 103 77 202 59 60 235 74 34 280 41 236 73 80 51 279 120 72 50 66 1 >  - distancia: 4964.78 - carga: 192
Rota 2 : < 1 243 22 109 224 21 70 259 149 52 154 190 157 62 265 1 >  - distancia: 2672.76 - carga: 192
Rota 3 : < 1 186 17 125 19 151 273 272 130 173 126 138 45 261 102 139 249 115 122 133 268 27 260 193 1 >  - distancia: 5078.92 - carga: 182
Rota 4 : < 1 44 7 248 37 38 142 184 276 163 132 269 166 33 75 1 >  - distancia: 2786.37 - carga: 192
Rota 5 : < 1 169 13 18 233 177 207 30 214 91 1 >  - distancia: 2108.43 - carga: 192
Rota 6 : < 1 228 9 11 244 229 84 152 200 203 263 250 61 155 1 >  - distancia: 2445.72 - carga: 192
Rota 7 : < 1 212 111 92 47 82 108 208 213 124 230 205 86 121 36 128 42 57 206 153 110 67 165 218 220 101 65 258 31 26 1 >  - distancia: 5097.49 - carga: 192
Rota 8 : < 1 105 14 23 64 78 71 40 1 >  - distancia: 2773.03 - carga: 192
Rota 9 : < 1 12 179 237 131 221 113 106 210 174 232 162 123 69 217 127 1 >  - distancia: 2246.01 - carga: 192
Rota 10 : < 1 275 10 2 143 141 192 178 180 49 144 1 >  - distancia: 3610.76 - carga: 192
Rota 11 : < 1 97 5 227 150 85 87 114 253 188 81 54 197 231 216 255 175 1 >  - distancia: 2780.44 - carga: 192
Rota 12 : < 1 195 20 32 264 201 156 145 159 104 164 90 277 211 95 161 267 183 158 256 100 262 187 35 76 118 1 >  - distancia: 3117.41 - carga: 192
Rota 13 : < 1 83 191 24 25 89 247 209 88 278 29 135 1 >  - distancia: 3214.73 - carga: 192
Rota 14 : < 1 238 3 8 252 172 185 223 140 107 239 63 1 >  - distancia: 3168.47 - carga: 192
Rota 15 : < 1 99 16 241 98 55 137 160 129 134 204 39 274 53 93 246 171 219 181 194 1 >  - distancia: 3991.6 - carga: 173
Rota 16 : < 1 148 15 176 215 198 266 242 136 251 199 112 240 167 58 189 96 147 254 94 168 28 48 1 >  - distancia: 3669.88 - carga: 190
total - 57744.8
optimal_value: 33503
% acima: 72.3571%
Demorou  0 ms para ler o arquivo de entrada.
Rota 0 : < 1 42 36 121 38 142 262 128 153 163 45 99 166 269 261 110 125 124 213 123 237 109 211 149 200 277 67 133 176 95 217 265 1 >  - distancia: 4416.62 - carga: 192
Rota 1 : < 1 168 7 151 25 89 143 141 192 63 1 >  - distancia: 2878.39 - carga: 181
Rota 2 : < 1 148 21 18 233 255 134 203 250 1 >  - distancia: 1488.45 - carga: 192
Rota 3 : < 1 152 13 85 20 145 157 98 32 159 1 >  - distancia: 1913.3 - carga: 192
Rota 4 : < 1 94 24 19 270 191 247 172 238 178 180 49 50 249 40 118 1 >  - distancia: 3315.93 - carga: 183
Rota 5 : < 1 256 22 179 221 131 82 108 212 47 92 111 173 260 208 276 158 75 33 106 86 126 138 1 >  - distancia: 4108.51 - carga: 192
Rota 6 : < 1 90 12 162 17 186 205 193 35 275 1 >  - distancia: 2400.5 - carga: 192
Rota 7 : < 1 226 11 244 229 266 161 199 243 224 215 136 165 258 46 65 279 53 251 267 274 97 1 >  - distancia: 4217.46 - carga: 192
Rota 8 : < 1 245 4 6 66 202 246 231 52 194 1 >  - distancia: 2650.86 - carga: 192
Rota 9 : < 1 234 3 105 146 271 225 120 235 236 74 59 60 280 51 41 34 73 222 93 219 1 >  - distancia: 3543.48 - carga: 181
Rota 10 : < 1 214 9 150 227 207 114 175 188 169 170 220 218 228 101 31 204 242 39 122 1 >  - distancia: 3152.3 - carga: 192
Rota 11 : < 1 183 15 16 241 174 210 113 1 >  - distancia: 2119.59 - carga: 192
Rota 12 : < 1 216 5 177 54 81 30 253 87 196 182 103 116 79 144 77 26 91 197 1 >  - distancia: 2588.39 - carga: 192
Rota 13 : < 1 171 14 257 68 117 56 119 80 72 115 139 44 100 57 102 184 37 273 96 48 272 130 28 76 187 27 230 62 181 154 156 259 155 1 >  - distancia: 6426.09 - carga: 192
Rota 14 : < 1 278 10 58 8 140 252 88 223 239 107 189 43 1 >  - distancia: 3518.18 - carga: 192
Rota 15 : < 1 135 64 29 147 254 248 132 78 71 206 167 112 198 84 263 129 70 201 137 195 55 104 264 160 61 69 127 268 232 164 190 1 >  - distancia: 4986.41 - carga: 192
Rota 16 : < 1 240 23 2 185 83 209 1 >  - distancia: 2659.65 - carga: 192
total - 56384.1
optimal_value: 33503
% acima: 68.2957%
Mdia total para X-n280-k17: 57614.3
Tempo medio para X-n280-k17: 0
